 -2.2000000e-001
  2.0000000e-002
 -2.2000000e-001
  2.0000000e-002
 -2.2000000e-001
 -2.0000000e-002
 -2.2000000e-001
 -2.0000000e-002
 -2.2000000e-001
 -2.0000000e-002
 -2.2000000e-001
  2.0000000e-002
 -2.2000000e-001
 -2.0000000e-002
 -2.2000000e-001
  2.0000000e-002
 -2.2000000e-001
 -2.0000000e-002
 -2.2000000e-001
  2.0000000e-002
 -2.2000000e-001
  2.0000000e-002
 -2.2000000e-001
 -2.0000000e-002
 -2.2000000e-001
 -2.0000000e-002
 -2.2000000e-001
  2.0000000e-002
 -2.2000000e-001
  2.0000000e-002
 -2.2000000e-001
 -2.0000000e-002
 -2.2000000e-001
 -2.0000000e-002
 -2.2000000e-001
 -2.0000000e-002
 -2.2000000e-001
  2.0000000e-002
 -2.2000000e-001
 -2.0000000e-002
 -2.2000000e-001
 -2.0000000e-002
 -2.2000000e-001
  2.0000000e-002
 -2.2000000e-001
  2.0000000e-002
 -2.2000000e-001
 -2.0000000e-002
 -2.2000000e-001
  2.0000000e-002
 -2.2000000e-001
 -2.0000000e-002
 -2.2000000e-001
  2.0000000e-002
 -2.2000000e-001
 -2.0000000e-002
 -2.2000000e-001
 -2.0000000e-002
 -2.2000000e-001
  2.0000000e-002
 -2.2000000e-001
 -2.0000000e-002
 -2.2000000e-001
 -2.0000000e-002
 -2.2000000e-001
 -2.0000000e-002
 -2.2000000e-001
  2.0000000e-002
 -2.2000000e-001
 -2.0000000e-002
 -2.2000000e-001
 -2.0000000e-002
 -2.2000000e-001
  2.0000000e-002
 -2.2000000e-001
 -2.0000000e-002
 -2.2000000e-001
 -2.0000000e-002
 -2.2000000e-001
  2.0000000e-002
 -2.2000000e-001
 -2.0000000e-002
 -2.2000000e-001
 -2.0000000e-002
 -2.2000000e-001
 -2.0000000e-002
 -2.2000000e-001
 -2.0000000e-002
 -2.2000000e-001
 -2.0000000e-002
 -2.2000000e-001
 -2.0000000e-002
 -2.2000000e-001
 -2.0000000e-002
 -2.2000000e-001
  2.0000000e-002
 -2.2000000e-001
 -2.0000000e-002
 -1.3000000e+000
  6.6000000e-001
 -1.4600000e+000
  1.1800000e+000
  1.4000000e-001
  5.0000000e-001
  3.4000000e-001
  7.0000000e-001
  5.0000000e-001
  8.6000000e-001
  7.0000000e-001
  1.0200000e+000
  8.2000000e-001
  1.1800000e+000
  9.8000000e-001
  1.3000000e+000
  1.1000000e+000
  1.4200000e+000
  1.2600000e+000
  1.5800000e+000
  1.3800000e+000
  1.7000000e+000
  1.4600000e+000
  1.7800000e+000
  1.5800000e+000
  1.9000000e+000
  1.7000000e+000
  2.0200000e+000
  1.8200000e+000
  2.1000000e+000
  1.9000000e+000
  2.1800000e+000
  2.0200000e+000
  2.2600000e+000
  2.0600000e+000
  2.3400000e+000
  2.1400000e+000
  2.4200000e+000
  2.1800000e+000
  2.4200000e+000
  1.7400000e+000
  2.3800000e+000
  3.8000000e-001
  1.9000000e+000
 -6.0000000e-002
  1.5400000e+000
  9.0000000e-001
  1.1800000e+000
  9.8000000e-001
  1.2600000e+000
  1.0600000e+000
  1.3800000e+000
  1.1400000e+000
  1.4200000e+000
  1.2600000e+000
  1.5400000e+000
  1.1800000e+000
  1.7000000e+000
  1.4600000e+000
  1.8200000e+000
  1.6200000e+000
  2.1400000e+000
  1.8200000e+000
  2.2200000e+000
  2.0600000e+000
  2.4200000e+000
  2.2600000e+000
  2.6200000e+000
  2.4600000e+000
  2.8200000e+000
  2.6200000e+000
  2.9400000e+000
  2.7800000e+000
  3.1400000e+000
  2.9400000e+000
  3.3000000e+000
  3.1000000e+000
  3.3800000e+000
  3.2200000e+000
  3.5000000e+000
  3.3400000e+000
  3.5800000e+000
  3.4200000e+000
  3.6600000e+000
  3.4600000e+000
  3.7400000e+000
  3.5000000e+000
  3.7800000e+000
  3.5800000e+000
  3.8200000e+000
  3.6200000e+000
  3.8600000e+000
  3.6600000e+000
  3.8600000e+000
  3.6600000e+000
  3.9000000e+000
  3.7000000e+000
  3.9000000e+000
  3.7000000e+000
  3.9400000e+000
  3.7000000e+000
  3.9400000e+000
  3.7400000e+000
  3.9400000e+000
  3.7400000e+000
  3.9800000e+000
  3.7400000e+000
  3.9800000e+000
  3.7400000e+000
  3.9800000e+000
  3.7000000e+000
  3.9800000e+000
  3.7400000e+000
  3.9800000e+000
  3.7400000e+000
  3.9800000e+000
  3.7400000e+000
  3.9800000e+000
  3.7400000e+000
  3.9800000e+000
  3.7400000e+000
  3.9800000e+000
  3.7400000e+000
  3.9800000e+000
  3.7400000e+000
  3.9800000e+000
  3.7400000e+000
  3.9800000e+000
  3.7400000e+000
  3.9800000e+000
  3.7000000e+000
  4.0200000e+000
  3.7400000e+000
  3.9800000e+000
  3.7400000e+000
  3.9800000e+000
  3.7400000e+000
  3.9800000e+000
  3.7400000e+000
  3.9800000e+000
  3.7400000e+000
  3.9800000e+000
  3.7400000e+000
  3.9800000e+000
  3.7400000e+000
  3.9800000e+000
  3.7400000e+000
  3.9800000e+000
  3.7400000e+000
  3.9800000e+000
  3.7400000e+000
  3.9800000e+000
  3.7400000e+000
  3.9800000e+000
  3.7400000e+000
  3.9800000e+000
  3.7400000e+000
  3.9800000e+000
  3.7400000e+000
  3.9800000e+000
  3.7400000e+000
  3.9800000e+000
  3.7400000e+000
  3.9800000e+000
  3.7400000e+000
  3.9800000e+000
  3.7400000e+000
  3.9800000e+000
  3.7400000e+000
  3.9800000e+000
  3.7400000e+000
  3.9800000e+000
  3.7400000e+000
  3.9800000e+000
  3.7400000e+000
  3.9800000e+000
  3.7400000e+000
  3.9800000e+000
  3.7400000e+000
  3.9800000e+000
  3.7400000e+000
  3.9800000e+000
  3.7400000e+000
  3.9800000e+000
  3.7400000e+000
  3.9800000e+000
  3.7000000e+000
  3.9800000e+000
  3.7400000e+000
  3.9800000e+000
  3.7400000e+000
  3.9800000e+000
  3.7400000e+000
  3.9800000e+000
  3.7400000e+000
  3.9800000e+000
  3.7400000e+000
  3.9800000e+000
  3.7000000e+000
  3.9800000e+000
  3.7400000e+000
  3.9800000e+000
  3.7400000e+000
  3.9800000e+000
  3.7400000e+000
  3.9800000e+000
  3.7400000e+000
  3.9800000e+000
  3.7400000e+000
  3.9800000e+000
  3.7400000e+000
  3.9800000e+000
  3.7000000e+000
  3.9800000e+000
  3.7400000e+000
  3.9800000e+000
  3.7400000e+000
  3.9800000e+000
  3.7400000e+000
  3.9800000e+000
  3.7400000e+000
  3.9800000e+000
  3.7400000e+000
  3.9800000e+000
  3.7400000e+000
  3.9800000e+000
  3.7400000e+000
  3.9800000e+000
  3.7400000e+000
  3.9800000e+000
  3.7400000e+000
  3.9800000e+000
  3.7400000e+000
  3.9800000e+000
  3.7400000e+000
  3.9800000e+000
  3.7400000e+000
  3.9800000e+000
  3.7400000e+000
  3.9800000e+000
  3.7400000e+000
  3.9800000e+000
  3.7400000e+000
  3.9800000e+000
  3.7400000e+000
  3.9800000e+000
  3.7400000e+000
  3.9800000e+000
  3.7400000e+000
  3.9800000e+000
  3.7400000e+000
  3.9800000e+000
  3.7400000e+000
  3.9800000e+000
  3.7400000e+000
  3.9800000e+000
  3.7400000e+000
  3.9800000e+000
  3.7400000e+000
  3.9800000e+000
  3.7000000e+000
  3.9800000e+000
  3.7400000e+000
  3.9800000e+000
  3.7000000e+000
  3.9800000e+000
  3.7400000e+000
  3.9400000e+000
  3.0200000e+000
  4.3400000e+000
 -3.1000000e+000
  7.0600000e+000
  1.7400000e+000
  2.3800000e+000
  1.4200000e+000
  1.9000000e+000
  9.4000000e-001
  1.6200000e+000
  1.0200000e+000
  1.3800000e+000
  9.0000000e-001
  1.2200000e+000
  7.8000000e-001
  1.1000000e+000
  7.0000000e-001
  9.8000000e-001
  6.2000000e-001
  9.0000000e-001
  5.8000000e-001
  8.6000000e-001
  5.4000000e-001
  7.8000000e-001
  5.0000000e-001
  7.4000000e-001
  5.0000000e-001
  7.0000000e-001
  4.6000000e-001
  6.6000000e-001
  4.2000000e-001
  6.2000000e-001
  4.2000000e-001
  6.2000000e-001
  4.2000000e-001
  6.2000000e-001
  4.2000000e-001
  6.2000000e-001
  3.8000000e-001
  6.2000000e-001
  3.8000000e-001
  5.8000000e-001
  3.8000000e-001
  5.8000000e-001
  3.4000000e-001
  5.8000000e-001
  2.6000000e-001
  5.8000000e-001
  3.4000000e-001
  5.4000000e-001
  3.0000000e-001
  5.0000000e-001
  3.0000000e-001
  5.0000000e-001
  3.0000000e-001
  5.0000000e-001
  2.6000000e-001
  4.6000000e-001
  2.6000000e-001
  4.6000000e-001
  2.6000000e-001
  4.6000000e-001
  2.2000000e-001
  4.6000000e-001
  2.2000000e-001
  4.6000000e-001
  2.2000000e-001
  4.6000000e-001
  2.2000000e-001
  4.2000000e-001
  2.2000000e-001
  4.2000000e-001
  2.2000000e-001
  4.2000000e-001
  2.2000000e-001
  4.2000000e-001
  1.8000000e-001
  4.2000000e-001
  1.8000000e-001
  3.8000000e-001
  1.8000000e-001
  3.8000000e-001
  1.4000000e-001
  3.8000000e-001
  1.4000000e-001
  3.8000000e-001
  1.4000000e-001
  3.8000000e-001
  1.4000000e-001
  3.8000000e-001
  1.4000000e-001
  3.8000000e-001
  1.4000000e-001
  3.8000000e-001
  1.0000000e-001
  3.8000000e-001
  1.0000000e-001
  3.4000000e-001
  1.0000000e-001
  3.4000000e-001
  1.0000000e-001
  3.4000000e-001
  1.0000000e-001
  3.4000000e-001
  1.0000000e-001
  3.4000000e-001
  6.0000000e-002
  3.0000000e-001
  1.0000000e-001
  3.0000000e-001
  6.0000000e-002
  3.0000000e-001
  6.0000000e-002
  3.0000000e-001
  6.0000000e-002
  3.0000000e-001
  6.0000000e-002
  3.0000000e-001
  6.0000000e-002
  3.0000000e-001
  6.0000000e-002
  2.6000000e-001
  6.0000000e-002
  2.6000000e-001
  2.0000000e-002
  2.6000000e-001
  6.0000000e-002
  2.6000000e-001
  2.0000000e-002
  3.0000000e-001
  2.0000000e-002
  2.6000000e-001
  2.0000000e-002
  2.6000000e-001
  2.0000000e-002
  2.6000000e-001
  2.0000000e-002
  2.6000000e-001
  2.0000000e-002
  2.6000000e-001
  2.0000000e-002
  2.6000000e-001
  2.0000000e-002
  2.6000000e-001
  2.0000000e-002
  2.2000000e-001
  2.0000000e-002
  2.2000000e-001
  2.0000000e-002
  2.2000000e-001
  2.0000000e-002
  3.0000000e-001
  1.4000000e-001
  7.4000000e-001
  5.8000000e-001
  1.0600000e+000
  5.4000000e-001
  1.0200000e+000
  6.2000000e-001
  9.4000000e-001
  6.2000000e-001
  8.6000000e-001
  5.8000000e-001
  8.2000000e-001
  5.4000000e-001
  7.8000000e-001
  5.0000000e-001
  7.4000000e-001
  4.6000000e-001
  7.4000000e-001
  4.2000000e-001
  6.6000000e-001
  3.8000000e-001
  6.2000000e-001
  3.8000000e-001
  5.8000000e-001
  3.4000000e-001
  5.4000000e-001
  3.0000000e-001
  5.4000000e-001
  3.0000000e-001
  5.0000000e-001
  2.6000000e-001
  4.6000000e-001
  2.2000000e-001
  4.6000000e-001
  2.2000000e-001
  4.2000000e-001
  1.8000000e-001
  4.2000000e-001
  1.4000000e-001
  3.8000000e-001
  1.4000000e-001
  3.8000000e-001
  1.4000000e-001
  3.4000000e-001
  1.0000000e-001
  3.4000000e-001
  1.0000000e-001
  3.0000000e-001
  6.0000000e-002
  3.0000000e-001
  6.0000000e-002
  2.6000000e-001
  2.0000000e-002
  2.6000000e-001
  2.0000000e-002
  2.2000000e-001
 -2.0000000e-002
  2.2000000e-001
 -2.0000000e-002
  2.2000000e-001
 -2.0000000e-002
  2.2000000e-001
 -2.0000000e-002
  1.8000000e-001
 -6.0000000e-002
  1.8000000e-001
 -6.0000000e-002
  1.4000000e-001
 -6.0000000e-002
  1.4000000e-001
 -1.0000000e-001
  1.4000000e-001
 -1.0000000e-001
  1.4000000e-001
 -1.0000000e-001
  1.0000000e-001
 -1.0000000e-001
  1.0000000e-001
 -1.4000000e-001
  1.0000000e-001
 -1.4000000e-001
  1.0000000e-001
 -1.4000000e-001
  1.0000000e-001
 -1.4000000e-001
  6.0000000e-002
 -1.4000000e-001
  6.0000000e-002
 -1.4000000e-001
  6.0000000e-002
 -1.8000000e-001
  6.0000000e-002
 -1.8000000e-001
  6.0000000e-002
 -1.8000000e-001
  6.0000000e-002
 -1.8000000e-001
  2.0000000e-002
 -1.8000000e-001
  6.0000000e-002
 -1.8000000e-001
  2.0000000e-002
 -1.8000000e-001
  2.0000000e-002
 -1.8000000e-001
  2.0000000e-002
 -2.2000000e-001
  2.0000000e-002
 -2.2000000e-001
  2.0000000e-002
 -2.2000000e-001
  2.0000000e-002
 -2.2000000e-001
  2.0000000e-002
 -2.2000000e-001
  2.0000000e-002
 -2.2000000e-001
  2.0000000e-002
 -2.2000000e-001
 -2.0000000e-002
 -2.2000000e-001
  2.0000000e-002
 -2.2000000e-001
  2.0000000e-002
 -2.2000000e-001
  2.0000000e-002
 -2.2000000e-001
 -2.0000000e-002
 -2.2000000e-001
  2.0000000e-002
 -2.2000000e-001
  2.0000000e-002
 -2.2000000e-001
 -2.0000000e-002
 -2.2000000e-001
  2.0000000e-002
 -2.2000000e-001
 -2.0000000e-002
 -2.2000000e-001
  2.0000000e-002
 -2.2000000e-001
 -2.0000000e-002
 -2.2000000e-001
  2.0000000e-002
 -2.2000000e-001
 -2.0000000e-002
 -2.2000000e-001
 -2.0000000e-002
 -2.2000000e-001
  2.0000000e-002
 -2.2000000e-001
  2.0000000e-002
 -2.2000000e-001
 -2.0000000e-002
 -2.2000000e-001
  2.0000000e-002
 -2.2000000e-001
 -2.0000000e-002
 -2.2000000e-001
 -2.0000000e-002
 -2.2000000e-001
 -2.0000000e-002
 -2.2000000e-001
  2.0000000e-002
 -2.2000000e-001
 -2.0000000e-002
 -2.6000000e-001
  2.0000000e-002
 -2.2000000e-001
 -2.0000000e-002
 -2.2000000e-001
  2.0000000e-002
 -2.2000000e-001
  2.0000000e-002
 -2.2000000e-001
  2.0000000e-002
 -2.2000000e-001
 -2.0000000e-002
 -2.2000000e-001
 -2.0000000e-002
 -2.2000000e-001
 -2.0000000e-002
 -2.2000000e-001
 -2.0000000e-002
 -2.2000000e-001
 -2.0000000e-002
 -2.2000000e-001
  2.0000000e-002
 -2.2000000e-001
 -2.0000000e-002
 -2.2000000e-001
  2.0000000e-002
 -2.2000000e-001
 -2.0000000e-002
 -2.2000000e-001
 -2.0000000e-002
 -2.2000000e-001
 -2.0000000e-002
 -2.2000000e-001
 -2.0000000e-002
 -2.2000000e-001
  2.0000000e-002
 -2.2000000e-001
  2.0000000e-002
 -2.2000000e-001
  2.0000000e-002
 -2.2000000e-001
  2.0000000e-002
 -2.2000000e-001
 -2.0000000e-002
 -2.2000000e-001
  2.0000000e-002
 -2.2000000e-001
  2.0000000e-002
 -2.2000000e-001
  2.0000000e-002
 -2.2000000e-001
  2.0000000e-002
 -2.2000000e-001
 -2.0000000e-002
 -2.2000000e-001
  2.0000000e-002
 -2.2000000e-001
 -2.0000000e-002
 -2.2000000e-001
  2.0000000e-002
 -2.2000000e-001
  2.0000000e-002
 -2.2000000e-001
 -2.0000000e-002
 -2.2000000e-001
 -2.0000000e-002
 -2.2000000e-001
 -2.0000000e-002
 -2.2000000e-001
  2.0000000e-002
 -2.2000000e-001
  2.0000000e-002
 -2.2000000e-001
 -2.0000000e-002
 -2.2000000e-001
 -2.0000000e-002
 -2.2000000e-001
 -2.0000000e-002
 -2.2000000e-001
 -2.0000000e-002
 -2.2000000e-001
  2.0000000e-002
 -2.2000000e-001
  2.0000000e-002
 -2.2000000e-001
 -2.0000000e-002
 -2.2000000e-001
 -2.0000000e-002
 -2.2000000e-001
  2.0000000e-002
 -2.2000000e-001
 -2.0000000e-002
 -2.2000000e-001
  2.0000000e-002
 -2.2000000e-001
 -2.0000000e-002
 -2.2000000e-001
 -2.0000000e-002
 -2.2000000e-001
  2.0000000e-002
 -2.2000000e-001
 -2.0000000e-002
 -2.2000000e-001
  2.0000000e-002
 -2.2000000e-001
  2.0000000e-002
 -2.2000000e-001
 -2.0000000e-002
 -2.2000000e-001
  2.0000000e-002
 -2.2000000e-001
 -2.0000000e-002
 -2.2000000e-001
 -2.0000000e-002
 -2.2000000e-001
 -2.0000000e-002
 -2.2000000e-001
 -2.0000000e-002
 -2.2000000e-001
  2.0000000e-002
 -2.2000000e-001
  2.0000000e-002
 -2.2000000e-001
 -2.0000000e-002
 -2.2000000e-001
  2.0000000e-002
 -2.2000000e-001
 -2.0000000e-002
 -2.2000000e-001
 -2.0000000e-002
 -2.2000000e-001
  2.0000000e-002
 -2.2000000e-001
 -2.0000000e-002
 -2.2000000e-001
  2.0000000e-002
 -2.2000000e-001
  2.0000000e-002
 -2.2000000e-001
 -2.0000000e-002
 -2.2000000e-001
 -2.0000000e-002
 -2.2000000e-001
 -2.0000000e-002
 -2.2000000e-001
 -2.0000000e-002
 -2.2000000e-001
 -2.0000000e-002
 -2.2000000e-001
 -2.0000000e-002
 -2.2000000e-001
  2.0000000e-002
 -2.2000000e-001
  2.0000000e-002
 -2.2000000e-001
 -2.0000000e-002
 -2.2000000e-001
 -2.0000000e-002
 -2.2000000e-001
  2.0000000e-002
 -2.2000000e-001
  2.0000000e-002
 -2.2000000e-001
 -2.0000000e-002
 -2.2000000e-001
  2.0000000e-002
 -2.2000000e-001
 -2.0000000e-002
 -2.2000000e-001
 -2.0000000e-002
 -2.2000000e-001
  2.0000000e-002
 -2.2000000e-001
 -2.0000000e-002
 -2.2000000e-001
 -2.0000000e-002
 -2.2000000e-001
 -2.0000000e-002
 -2.2000000e-001
 -2.0000000e-002
 -2.2000000e-001
  2.0000000e-002
 -2.2000000e-001
  2.0000000e-002
 -2.2000000e-001
  2.0000000e-002
 -2.2000000e-001
 -2.0000000e-002
 -2.2000000e-001
  2.0000000e-002
 -2.2000000e-001
  2.0000000e-002
 -2.2000000e-001
  2.0000000e-002
 -2.2000000e-001
 -2.0000000e-002
 -2.2000000e-001
 -2.0000000e-002
 -2.2000000e-001
  2.0000000e-002
 -2.2000000e-001
  2.0000000e-002
 -2.2000000e-001
 -2.0000000e-002
 -2.2000000e-001
 -2.0000000e-002
 -2.2000000e-001
 -2.0000000e-002
 -2.2000000e-001
 -2.0000000e-002
 -2.2000000e-001
 -2.0000000e-002
 -2.2000000e-001
 -2.0000000e-002
 -2.2000000e-001
  2.0000000e-002
 -2.2000000e-001
  2.0000000e-002
 -2.2000000e-001
 -2.0000000e-002
 -2.2000000e-001
 -2.0000000e-002
 -2.2000000e-001
  2.0000000e-002
 -2.2000000e-001
  2.0000000e-002
 -2.2000000e-001
  2.0000000e-002
 -2.2000000e-001
 -2.0000000e-002
 -2.2000000e-001
  2.0000000e-002
 -2.2000000e-001
  2.0000000e-002
 -2.2000000e-001
 -2.0000000e-002
 -2.2000000e-001
  2.0000000e-002
 -2.2000000e-001
  2.0000000e-002
 -2.2000000e-001
  2.0000000e-002
 -2.2000000e-001
 -2.0000000e-002
 -2.2000000e-001
 -2.0000000e-002
 -2.2000000e-001
 -2.0000000e-002
 -2.2000000e-001
 -2.0000000e-002
 -2.2000000e-001
 -2.0000000e-002
 -2.2000000e-001
  2.0000000e-002
 -2.2000000e-001
 -2.0000000e-002
 -2.2000000e-001
 -2.0000000e-002
 -2.2000000e-001
 -2.0000000e-002
 -2.2000000e-001
 -2.0000000e-002
 -2.2000000e-001
 -2.0000000e-002
 -2.2000000e-001
  2.0000000e-002
 -2.2000000e-001
  2.0000000e-002
 -2.2000000e-001
  2.0000000e-002
 -2.2000000e-001
 -2.0000000e-002
 -2.2000000e-001
  2.0000000e-002
 -2.2000000e-001
  2.0000000e-002
 -2.2000000e-001
  2.0000000e-002
 -2.2000000e-001
  2.0000000e-002
 -2.2000000e-001
 -2.0000000e-002
 -2.2000000e-001
 -2.0000000e-002
 -2.2000000e-001
  2.0000000e-002
 -2.2000000e-001
  2.0000000e-002
 -2.2000000e-001
  2.0000000e-002
 -2.2000000e-001
 -2.0000000e-002
 -2.2000000e-001
 -2.0000000e-002
 -2.2000000e-001
 -2.0000000e-002
 -2.2000000e-001
  2.0000000e-002
 -2.2000000e-001
  2.0000000e-002
 -2.2000000e-001
 -2.0000000e-002
 -2.2000000e-001
 -2.0000000e-002
 -2.2000000e-001
  2.0000000e-002
 -2.2000000e-001
  2.0000000e-002
 -2.2000000e-001
  2.0000000e-002
 -2.2000000e-001
  2.0000000e-002
 -2.2000000e-001
 -2.0000000e-002
 -2.2000000e-001
  2.0000000e-002
 -1.4000000e-001
 -1.0000000e-001
 -1.4000000e-001
 -1.0000000e-001
 -1.4000000e-001
 -1.0000000e-001
 -1.4000000e-001
 -1.4000000e-001
 -1.0000000e-001
 -1.4000000e-001
 -1.0000000e-001
 -6.0000000e-002
 -1.0000000e-001
 -1.0000000e-001
 -1.0000000e-001
 -1.0000000e-001
 -1.0000000e-001
 -1.0000000e-001
 -6.0000000e-002
 -1.0000000e-001
 -1.4000000e-001
 -1.4000000e-001
 -1.4000000e-001
 -1.0000000e-001
 -6.0000000e-002
 -1.4000000e-001
 -1.4000000e-001
 -6.0000000e-002
 -1.0000000e-001
 -1.0000000e-001
 -1.0000000e-001
 -6.0000000e-002
 -1.0000000e-001
 -6.0000000e-002
 -6.0000000e-002
 -1.0000000e-001
 -1.0000000e-001
 -6.0000000e-002
 -1.4000000e-001
 -1.0000000e-001
 -1.4000000e-001
 -1.4000000e-001
 -1.4000000e-001
 -1.4000000e-001
 -1.0000000e-001
 -1.4000000e-001
 -1.4000000e-001
 -1.0000000e-001
 -6.0000000e-002
 -1.4000000e-001
 -1.0000000e-001
 -1.0000000e-001
 -1.0000000e-001
 -1.0000000e-001
 -1.0000000e-001
 -1.0000000e-001
 -1.4000000e-001
 -1.4000000e-001
 -1.0000000e-001
 -1.0000000e-001
 -1.0000000e-001
 -1.4000000e-001
 -1.0000000e-001
 -1.0000000e-001
 -1.0000000e-001
 -1.4000000e-001
 -1.4000000e-001
 -1.0000000e-001
 -1.0000000e-001
 -1.0000000e-001
 -1.4000000e-001
 -1.0000000e-001
 -1.0000000e-001
 -1.0000000e-001
 -1.0000000e-001
 -1.0000000e-001
 -1.0000000e-001
 -1.0000000e-001
 -1.0000000e-001
 -1.0000000e-001
 -1.0000000e-001
 -1.4000000e-001
 -1.0000000e-001
 -1.0000000e-001
 -1.0000000e-001
 -1.0000000e-001
 -1.4000000e-001
 -1.0000000e-001
 -1.0000000e-001
 -1.0000000e-001
 -1.0000000e-001
 -6.0000000e-002
  6.0000000e-002
  1.8000000e-001
  3.0000000e-001
  4.6000000e-001
  4.6000000e-001
  5.4000000e-001
  6.6000000e-001
  7.0000000e-001
  8.2000000e-001
  9.4000000e-001
  1.0200000e+000
  1.1000000e+000
  1.1800000e+000
  1.2600000e+000
  1.3000000e+000
  1.3800000e+000
  1.4600000e+000
  1.4600000e+000
  1.5800000e+000
  1.6200000e+000
  1.6600000e+000
  1.7400000e+000
  1.7800000e+000
  1.9000000e+000
  1.9400000e+000
  1.9800000e+000
  2.0200000e+000
  2.1000000e+000
  2.1800000e+000
  2.1800000e+000
  2.1800000e+000
  2.3000000e+000
  2.3400000e+000
  2.3800000e+000
  2.3800000e+000
  2.4600000e+000
  2.5400000e+000
  2.5400000e+000
  2.5400000e+000
  2.5800000e+000
  2.5400000e+000
  2.6200000e+000
  2.4600000e+000
  2.3400000e+000
  2.3000000e+000
  2.3400000e+000
  2.3400000e+000
  2.4200000e+000
  2.4200000e+000
  2.4600000e+000
  2.5400000e+000
  2.5800000e+000
  2.5800000e+000
  2.6200000e+000
  2.6200000e+000
  2.7000000e+000
  2.7000000e+000
  2.7000000e+000
  2.8200000e+000
  2.8200000e+000
  2.8200000e+000
  2.8600000e+000
  2.8600000e+000
  2.9000000e+000
  2.9000000e+000
  2.9800000e+000
  2.9800000e+000
  3.1000000e+000
  3.1000000e+000
  3.2200000e+000
  3.1400000e+000
  3.2200000e+000
  3.2600000e+000
  3.2600000e+000
  3.3800000e+000
  3.3800000e+000
  3.3800000e+000
  3.4200000e+000
  3.4200000e+000
  3.5000000e+000
  3.5000000e+000
  3.6200000e+000
  3.6200000e+000
  3.5800000e+000
  3.5800000e+000
  3.7000000e+000
  3.6200000e+000
  3.7000000e+000
  3.7000000e+000
  3.7000000e+000
  3.7800000e+000
  3.8600000e+000
  3.8600000e+000
  3.8600000e+000
  3.8600000e+000
  3.9000000e+000
  3.8600000e+000
  3.9800000e+000
  3.9400000e+000
  3.9800000e+000
  3.9400000e+000
  3.9800000e+000
  3.9800000e+000
  3.9400000e+000
  3.9800000e+000
  3.9800000e+000
  4.0200000e+000
  4.0200000e+000
  4.0600000e+000
  4.0600000e+000
  4.0200000e+000
  4.0600000e+000
  4.0600000e+000
  4.1000000e+000
  4.0200000e+000
  4.1000000e+000
  4.0600000e+000
  4.1400000e+000
  4.1000000e+000
  4.1400000e+000
  4.1000000e+000
  4.1000000e+000
  4.1000000e+000
  4.1000000e+000
  4.1000000e+000
  4.1400000e+000
  4.1800000e+000
  4.1000000e+000
  4.1400000e+000
  4.1400000e+000
  4.1400000e+000
  4.1800000e+000
  4.1400000e+000
  4.1800000e+000
  4.1400000e+000
  4.1800000e+000
  4.1800000e+000
  4.1400000e+000
  4.1400000e+000
  4.1400000e+000
  4.1400000e+000
  4.1400000e+000
  4.1400000e+000
  4.1400000e+000
  4.1400000e+000
  4.1800000e+000
  4.1800000e+000
  4.1800000e+000
  4.1400000e+000
  4.1800000e+000
  4.1800000e+000
  4.2200000e+000
  4.1400000e+000
  4.2200000e+000
  4.1800000e+000
  4.1800000e+000
  4.1800000e+000
  4.1800000e+000
  4.1800000e+000
  4.1400000e+000
  4.1800000e+000
  4.1800000e+000
  4.1400000e+000
  4.1800000e+000
  4.1800000e+000
  4.1800000e+000
  4.2200000e+000
  4.1400000e+000
  4.1800000e+000
  4.2200000e+000
  4.1800000e+000
  4.1800000e+000
  4.1800000e+000
  4.1400000e+000
  4.1800000e+000
  4.1800000e+000
  4.1800000e+000
  4.1800000e+000
  4.1800000e+000
  4.2200000e+000
  4.1800000e+000
  4.1800000e+000
  4.1800000e+000
  4.1800000e+000
  4.1800000e+000
  4.1800000e+000
  4.1800000e+000
  4.1800000e+000
  4.1400000e+000
  4.2200000e+000
  4.1800000e+000
  4.2200000e+000
  4.1800000e+000
  4.1400000e+000
  4.1800000e+000
  4.2200000e+000
  4.1800000e+000
  4.1800000e+000
  4.1400000e+000
  4.1800000e+000
  4.1800000e+000
  4.2200000e+000
  4.1800000e+000
  4.1800000e+000
  4.1800000e+000
  4.1800000e+000
  4.1800000e+000
  4.1400000e+000
  4.1400000e+000
  4.1800000e+000
  4.1800000e+000
  4.1800000e+000
  4.1800000e+000
  4.2200000e+000
  4.1800000e+000
  4.2200000e+000
  4.1800000e+000
  4.1400000e+000
  4.2200000e+000
  4.1800000e+000
  4.2200000e+000
  4.1400000e+000
  4.1800000e+000
  4.2200000e+000
  4.1400000e+000
  4.2200000e+000
  4.1400000e+000
  4.1800000e+000
  4.1800000e+000
  4.1800000e+000
  4.1800000e+000
  4.2200000e+000
  4.1800000e+000
  4.1800000e+000
  4.1800000e+000
  4.2200000e+000
  4.1800000e+000
  4.1400000e+000
  4.1800000e+000
  4.1800000e+000
  4.1400000e+000
  4.1800000e+000
  4.1800000e+000
  4.1800000e+000
  4.1800000e+000
  4.1800000e+000
  4.1800000e+000
  4.2200000e+000
  4.2200000e+000
  4.1800000e+000
  4.2200000e+000
  4.2200000e+000
  4.1800000e+000
  4.2200000e+000
  4.2200000e+000
  4.1800000e+000
  4.1800000e+000
  4.1800000e+000
  4.1800000e+000
  4.1800000e+000
  4.2200000e+000
  4.1400000e+000
  4.1800000e+000
  4.1400000e+000
  4.2200000e+000
  4.1800000e+000
  4.2200000e+000
  4.1400000e+000
  4.2200000e+000
  4.1800000e+000
  4.1800000e+000
  4.1800000e+000
  4.1800000e+000
  4.1800000e+000
  4.1800000e+000
  4.1800000e+000
  4.1800000e+000
  4.1800000e+000
  4.1400000e+000
  4.1400000e+000
  4.1800000e+000
  4.1400000e+000
  4.2200000e+000
  4.1800000e+000
  4.2200000e+000
  4.1800000e+000
  4.1800000e+000
  4.1800000e+000
  4.1800000e+000
  4.2200000e+000
  4.1800000e+000
  4.2600000e+000
  4.1800000e+000
  4.1400000e+000
  4.1400000e+000
  4.2200000e+000
  4.1800000e+000
  4.1800000e+000
  4.1800000e+000
  4.1400000e+000
  4.1800000e+000
  4.1400000e+000
  4.1400000e+000
  4.2200000e+000
  4.1800000e+000
  4.1800000e+000
  4.1800000e+000
  4.1800000e+000
  4.1800000e+000
  4.1800000e+000
  4.1800000e+000
  4.1800000e+000
  4.2200000e+000
  4.1400000e+000
  4.2200000e+000
  4.1800000e+000
  4.2200000e+000
  4.1800000e+000
  4.1800000e+000
  4.2200000e+000
  4.2200000e+000
  4.1800000e+000
  4.1800000e+000
  4.2200000e+000
  4.1800000e+000
  4.1800000e+000
  4.2200000e+000
  4.1800000e+000
  4.2200000e+000
  4.2200000e+000
  4.1800000e+000
  4.1800000e+000
  4.2200000e+000
  4.1400000e+000
  4.2200000e+000
  4.1800000e+000
  4.2600000e+000
  4.1800000e+000
  4.1800000e+000
  4.1800000e+000
  4.1800000e+000
  4.1800000e+000
  4.2200000e+000
  4.2200000e+000
  4.1800000e+000
  4.1400000e+000
  4.1400000e+000
  4.1800000e+000
  4.1800000e+000
  4.1800000e+000
  4.1800000e+000
  4.2200000e+000
  4.2200000e+000
  4.1800000e+000
  4.1800000e+000
  4.1800000e+000
  4.2200000e+000
  4.1800000e+000
  4.1400000e+000
  4.1800000e+000
  4.1800000e+000
  4.1800000e+000
  4.2200000e+000
  4.2200000e+000
  4.1800000e+000
  4.1800000e+000
  4.2200000e+000
  4.1800000e+000
  3.9000000e+000
  3.6600000e+000
  3.4200000e+000
  2.5400000e+000
  2.4200000e+000
  2.2600000e+000
  2.1400000e+000
  2.0200000e+000
  1.9400000e+000
  1.8600000e+000
  1.8600000e+000
  1.8200000e+000
  1.7400000e+000
  1.6600000e+000
  1.6200000e+000
  1.5800000e+000
  1.5800000e+000
  1.5800000e+000
  1.4600000e+000
  1.4600000e+000
  1.4200000e+000
  1.3800000e+000
  1.3800000e+000
  1.3400000e+000
  1.2600000e+000
  1.3000000e+000
  1.2600000e+000
  1.2600000e+000
  1.1800000e+000
  1.1400000e+000
  1.1800000e+000
  1.1400000e+000
  1.1400000e+000
  1.1000000e+000
  1.0600000e+000
  1.1000000e+000
  1.0600000e+000
  1.1400000e+000
  1.1400000e+000
  1.1400000e+000
  1.1400000e+000
  1.1800000e+000
  1.1800000e+000
  1.1800000e+000
  1.1400000e+000
  1.0600000e+000
  1.0200000e+000
  1.0200000e+000
  9.8000000e-001
  9.0000000e-001
  9.0000000e-001
  8.6000000e-001
  8.6000000e-001
  8.2000000e-001
  8.2000000e-001
  7.8000000e-001
  8.2000000e-001
  7.4000000e-001
  7.4000000e-001
  7.4000000e-001
  7.4000000e-001
  6.6000000e-001
  6.6000000e-001
  6.2000000e-001
  6.2000000e-001
  5.8000000e-001
  5.8000000e-001
  6.2000000e-001
  5.4000000e-001
  5.4000000e-001
  5.0000000e-001
  5.0000000e-001
  4.6000000e-001
  4.2000000e-001
  4.2000000e-001
  4.2000000e-001
  4.2000000e-001
  4.2000000e-001
  4.2000000e-001
  3.8000000e-001
  4.2000000e-001
  3.8000000e-001
  3.8000000e-001
  3.8000000e-001
  3.0000000e-001
  2.6000000e-001
  3.0000000e-001
  2.6000000e-001
  3.4000000e-001
  2.6000000e-001
  2.2000000e-001
  3.0000000e-001
  2.6000000e-001
  2.2000000e-001
  2.2000000e-001
  1.8000000e-001
  2.2000000e-001
  1.8000000e-001
  1.8000000e-001
  2.2000000e-001
  1.4000000e-001
  1.4000000e-001
  1.8000000e-001
  1.4000000e-001
  1.4000000e-001
  1.0000000e-001
  1.0000000e-001
  1.0000000e-001
  1.4000000e-001
  1.0000000e-001
  1.0000000e-001
  6.0000000e-002
  1.0000000e-001
  6.0000000e-002
  6.0000000e-002
  1.0000000e-001
  6.0000000e-002
  2.0000000e-002
  2.0000000e-002
  6.0000000e-002
  2.0000000e-002
  2.0000000e-002
  6.0000000e-002
  2.0000000e-002
  6.0000000e-002
 -2.0000000e-002
 -2.0000000e-002
 -2.0000000e-002
 -2.0000000e-002
 -2.0000000e-002
 -6.0000000e-002
 -2.0000000e-002
  2.0000000e-002
  2.0000000e-002
 -2.0000000e-002
 -6.0000000e-002
 -2.0000000e-002
 -6.0000000e-002
 -6.0000000e-002
 -6.0000000e-002
 -6.0000000e-002
 -2.0000000e-002
 -6.0000000e-002
 -6.0000000e-002
 -6.0000000e-002
 -6.0000000e-002
 -1.0000000e-001
 -6.0000000e-002
 -1.0000000e-001
 -6.0000000e-002
 -6.0000000e-002
 -1.4000000e-001
 -1.0000000e-001
 -6.0000000e-002
 -6.0000000e-002
 -6.0000000e-002
 -1.4000000e-001
 -1.0000000e-001
 -6.0000000e-002
 -6.0000000e-002
 -1.0000000e-001
 -1.0000000e-001
 -1.0000000e-001
 -1.4000000e-001
 -1.0000000e-001
 -1.4000000e-001
 -1.4000000e-001
 -1.0000000e-001
 -1.4000000e-001
 -1.0000000e-001
 -1.0000000e-001
 -1.4000000e-001
 -1.0000000e-001
 -6.0000000e-002
 -1.0000000e-001
 -1.0000000e-001
 -6.0000000e-002
 -1.0000000e-001
 -1.0000000e-001
 -1.0000000e-001
 -1.0000000e-001
 -1.0000000e-001
 -1.0000000e-001
 -1.0000000e-001
 -1.4000000e-001
 -1.0000000e-001
 -1.0000000e-001
 -1.0000000e-001
 -1.0000000e-001
 -1.0000000e-001
 -6.0000000e-002
 -1.0000000e-001
 -1.0000000e-001
 -1.4000000e-001
 -1.0000000e-001
 -1.0000000e-001
 -1.0000000e-001
 -1.0000000e-001
 -6.0000000e-002
 -1.0000000e-001
 -1.0000000e-001
 -1.4000000e-001
 -1.4000000e-001
 -1.0000000e-001
 -1.0000000e-001
 -1.4000000e-001
 -1.4000000e-001
 -1.0000000e-001
 -1.4000000e-001
 -1.4000000e-001
 -1.4000000e-001
 -1.4000000e-001
 -1.0000000e-001
 -1.0000000e-001
 -1.0000000e-001
 -1.8000000e-001
 -1.0000000e-001
 -1.0000000e-001
 -1.0000000e-001
 -1.0000000e-001
 -1.0000000e-001
 -1.4000000e-001
 -1.0000000e-001
 -1.8000000e-001
 -1.0000000e-001
 -1.4000000e-001
 -1.0000000e-001
 -1.4000000e-001
 -1.4000000e-001
 -1.4000000e-001
 -1.0000000e-001
 -1.8000000e-001
 -1.4000000e-001
 -1.0000000e-001
 -1.0000000e-001
 -1.4000000e-001
 -1.0000000e-001
 -1.4000000e-001
 -6.0000000e-002
 -1.0000000e-001
 -1.0000000e-001
 -1.0000000e-001
 -1.0000000e-001
 -1.4000000e-001
 -1.4000000e-001
 -1.0000000e-001
 -1.0000000e-001
 -1.0000000e-001
 -1.4000000e-001
 -1.4000000e-001
 -6.0000000e-002
 -1.0000000e-001
 -1.4000000e-001
 -1.0000000e-001
 -1.0000000e-001
 -1.0000000e-001
 -1.0000000e-001
 -1.0000000e-001
 -1.0000000e-001
 -1.0000000e-001
 -1.4000000e-001
 -1.4000000e-001
 -1.4000000e-001
 -1.0000000e-001
 -1.4000000e-001
 -1.8000000e-001
 -1.0000000e-001
 -1.0000000e-001
 -1.0000000e-001
 -1.0000000e-001
 -1.4000000e-001
 -1.4000000e-001
 -1.0000000e-001
 -6.0000000e-002
 -1.0000000e-001
 -6.0000000e-002
 -1.4000000e-001
 -1.0000000e-001
 -1.0000000e-001
 -1.0000000e-001
 -1.0000000e-001
 -1.0000000e-001
 -1.0000000e-001
 -1.4000000e-001
 -1.4000000e-001
 -1.4000000e-001
 -1.4000000e-001
 -1.0000000e-001
 -1.0000000e-001
 -1.4000000e-001
 -6.0000000e-002
 -1.0000000e-001
 -1.4000000e-001
 -1.4000000e-001
 -6.0000000e-002
 -1.0000000e-001
 -1.0000000e-001
 -1.4000000e-001
 -1.0000000e-001
 -1.4000000e-001
 -1.4000000e-001
 -1.0000000e-001
 -1.0000000e-001
 -1.0000000e-001
 -1.4000000e-001
 -1.4000000e-001
 -6.0000000e-002
 -1.8000000e-001
 -1.0000000e-001
 -1.0000000e-001
 -6.0000000e-002
 -1.4000000e-001
 -1.4000000e-001
 -1.0000000e-001
 -1.0000000e-001
 -1.0000000e-001
 -1.0000000e-001
 -2.0000000e-002
 -1.4000000e-001
 -6.0000000e-002
 -1.0000000e-001
 -1.4000000e-001
 -1.4000000e-001
 -1.0000000e-001
 -1.4000000e-001
 -1.0000000e-001
 -1.0000000e-001
 -1.4000000e-001
 -1.4000000e-001
 -1.4000000e-001
 -1.0000000e-001
 -1.0000000e-001
 -1.0000000e-001
 -1.0000000e-001
 -1.0000000e-001
 -1.0000000e-001
 -1.0000000e-001
 -1.4000000e-001
 -1.4000000e-001
 -1.0000000e-001
 -1.4000000e-001
 -1.0000000e-001
 -1.4000000e-001
 -1.0000000e-001
 -1.0000000e-001
 -1.4000000e-001
 -1.4000000e-001
 -1.0000000e-001
 -1.4000000e-001
 -1.0000000e-001
 -1.0000000e-001
 -1.0000000e-001
 -6.0000000e-002
 -1.0000000e-001
 -6.0000000e-002
 -1.0000000e-001
 -6.0000000e-002
 -6.0000000e-002
 -1.4000000e-001
 -1.0000000e-001
 -1.4000000e-001
 -1.4000000e-001
 -1.0000000e-001
 -1.4000000e-001
 -1.0000000e-001
 -1.0000000e-001
 -1.4000000e-001
 -1.0000000e-001
 -1.0000000e-001
 -1.0000000e-001
 -1.0000000e-001
 -1.0000000e-001
 -1.0000000e-001
 -1.0000000e-001
 -1.8000000e-001
 -1.0000000e-001
 -1.4000000e-001
 -1.0000000e-001
 -1.4000000e-001
 -1.0000000e-001
 -1.0000000e-001
 -6.0000000e-002
 -6.0000000e-002
 -1.4000000e-001
 -1.4000000e-001
 -1.4000000e-001
 -1.0000000e-001
 -6.0000000e-002
 -1.0000000e-001
 -1.4000000e-001
 -1.0000000e-001
 -1.0000000e-001
 -1.4000000e-001
 -1.0000000e-001
 -1.4000000e-001
 -1.0000000e-001
 -1.4000000e-001
 -1.0000000e-001
 -1.0000000e-001
 -1.0000000e-001
 -1.4000000e-001
 -1.4000000e-001
 -1.0000000e-001
 -1.0000000e-001
 -1.4000000e-001
 -1.0000000e-001
 -1.4000000e-001
 -1.0000000e-001
 -1.4000000e-001
 -1.0000000e-001
 -6.0000000e-002
 -1.0000000e-001
 -1.0000000e-001
 -1.4000000e-001
 -1.0000000e-001
 -1.0000000e-001
 -1.4000000e-001
 -1.4000000e-001
 -6.0000000e-002
 -1.4000000e-001
 -1.4000000e-001
 -1.4000000e-001
 -1.4000000e-001
 -1.0000000e-001
 -1.4000000e-001
 -1.0000000e-001
 -1.4000000e-001
 -1.0000000e-001
 -1.0000000e-001
 -1.4000000e-001
 -1.0000000e-001
 -1.4000000e-001
 -1.0000000e-001
 -1.0000000e-001
 -1.0000000e-001
 -1.4000000e-001
 -1.0000000e-001
 -1.0000000e-001
 -1.4000000e-001
 -1.0000000e-001
 -1.4000000e-001
 -1.4000000e-001
 -6.0000000e-002
 -1.4000000e-001
 -1.4000000e-001
 -1.0000000e-001
 -6.0000000e-002
 -1.4000000e-001
 -1.4000000e-001
 -1.0000000e-001
 -6.0000000e-002
 -1.0000000e-001
 -1.0000000e-001
 -1.0000000e-001
 -1.4000000e-001
 -1.4000000e-001
 -1.0000000e-001
 -1.4000000e-001
 -1.4000000e-001
 -1.4000000e-001
 -1.4000000e-001
 -1.4000000e-001
 -1.0000000e-001
 -1.4000000e-001
 -1.0000000e-001
 -1.4000000e-001
 -1.0000000e-001
 -1.0000000e-001
 -1.0000000e-001
 -1.0000000e-001
 -1.0000000e-001
 -1.0000000e-001
 -6.0000000e-002
 -1.0000000e-001
 -1.4000000e-001
 -1.4000000e-001
 -1.8000000e-001
 -6.0000000e-002
 -1.0000000e-001
 -1.4000000e-001
 -1.0000000e-001
 -1.4000000e-001
 -1.4000000e-001
 -1.0000000e-001
 -1.0000000e-001
 -6.0000000e-002
 -1.0000000e-001
 -1.0000000e-001
 -1.0000000e-001
 -1.4000000e-001
 -1.4000000e-001
 -1.4000000e-001
 -1.0000000e-001
 -1.0000000e-001
 -6.0000000e-002
 -1.4000000e-001
 -1.0000000e-001
 -1.0000000e-001
 -1.0000000e-001
 -1.4000000e-001
 -1.0000000e-001
 -1.4000000e-001
 -1.0000000e-001
 -1.0000000e-001
 -1.4000000e-001
 -1.4000000e-001
 -1.4000000e-001
 -6.0000000e-002
 -1.0000000e-001
 -1.0000000e-001
 -6.0000000e-002
 -1.0000000e-001
 -1.0000000e-001
 -6.0000000e-002
 -1.0000000e-001
 -1.0000000e-001
 -1.0000000e-001
 -1.0000000e-001
 -1.4000000e-001
 -1.4000000e-001
 -1.0000000e-001
 -1.4000000e-001
 -1.0000000e-001
 -1.0000000e-001
 -1.0000000e-001
 -1.0000000e-001
 -6.0000000e-002
 -1.0000000e-001
 -1.0000000e-001
 -6.0000000e-002
 -6.0000000e-002
 -1.0000000e-001
 -1.4000000e-001
 -1.0000000e-001
 -1.4000000e-001
 -1.4000000e-001
 -1.0000000e-001
 -1.4000000e-001
 -1.4000000e-001
 -1.4000000e-001
 -2.2000000e-001
 -2.0000000e-002
 -2.2000000e-001
 -2.0000000e-002
 -2.2000000e-001
 -2.0000000e-002
 -2.2000000e-001
 -2.0000000e-002
 -2.2000000e-001
 -2.0000000e-002
 -2.2000000e-001
 -2.0000000e-002
 -2.2000000e-001
  2.0000000e-002
 -2.2000000e-001
 -2.0000000e-002
 -2.2000000e-001
 -2.0000000e-002
 -2.2000000e-001
  2.0000000e-002
 -2.2000000e-001
  2.0000000e-002
 -2.2000000e-001
 -2.0000000e-002
 -2.2000000e-001
  2.0000000e-002
 -2.2000000e-001
 -2.0000000e-002
 -2.2000000e-001
 -2.0000000e-002
 -2.2000000e-001
 -2.0000000e-002
 -2.2000000e-001
 -2.0000000e-002
 -2.2000000e-001
 -2.0000000e-002
 -2.2000000e-001
 -2.0000000e-002
 -2.2000000e-001
  2.0000000e-002
 -2.2000000e-001
  2.0000000e-002
 -2.2000000e-001
 -2.0000000e-002
 -2.2000000e-001
  2.0000000e-002
 -2.2000000e-001
  2.0000000e-002
 -2.2000000e-001
 -2.0000000e-002
 -2.2000000e-001
 -2.0000000e-002
 -2.2000000e-001
 -2.0000000e-002
 -2.2000000e-001
 -2.0000000e-002
 -2.2000000e-001
 -2.0000000e-002
 -2.2000000e-001
 -2.0000000e-002
 -2.2000000e-001
 -2.0000000e-002
 -2.2000000e-001
 -2.0000000e-002
 -2.2000000e-001
  2.0000000e-002
 -2.2000000e-001
 -2.0000000e-002
 -2.2000000e-001
 -2.0000000e-002
 -2.2000000e-001
 -2.0000000e-002
 -2.2000000e-001
 -2.0000000e-002
 -2.2000000e-001
 -2.0000000e-002
 -2.2000000e-001
  2.0000000e-002
 -2.2000000e-001
 -2.0000000e-002
 -2.2000000e-001
  2.0000000e-002
 -2.2000000e-001
 -2.0000000e-002
 -2.2000000e-001
 -2.0000000e-002
 -2.2000000e-001
 -2.0000000e-002
 -2.2000000e-001
  2.0000000e-002
 -1.4600000e+000
  5.8000000e-001
 -6.0000000e-002
  3.8000000e-001
  2.2000000e-001
  5.8000000e-001
  3.8000000e-001
  7.4000000e-001
  5.8000000e-001
  8.6000000e-001
  7.0000000e-001
  1.0600000e+000
  8.6000000e-001
  1.2200000e+000
  1.0200000e+000
  1.3400000e+000
  1.1400000e+000
  1.4600000e+000
  1.2600000e+000
  1.5800000e+000
  1.4200000e+000
  1.7000000e+000
  1.5400000e+000
  1.8200000e+000
  1.6200000e+000
  1.9400000e+000
  1.7400000e+000
  2.0200000e+000
  1.8200000e+000
  2.1400000e+000
  1.9400000e+000
  2.2200000e+000
  2.0200000e+000
  2.3000000e+000
  2.1000000e+000
  2.3800000e+000
  2.1800000e+000
  2.4200000e+000
  1.9400000e+000
  2.3800000e+000
  7.4000000e-001
  2.1000000e+000
 -2.0000000e-002
  1.5400000e+000
  1.4000000e-001
  1.4200000e+000
  9.8000000e-001
  1.2200000e+000
  1.0200000e+000
  1.3000000e+000
  1.1400000e+000
  1.4200000e+000
  1.2200000e+000
  1.6200000e+000
  1.3000000e+000
  1.6600000e+000
  1.4600000e+000
  1.7800000e+000
  1.5800000e+000
  1.9800000e+000
  1.7800000e+000
  2.1400000e+000
  1.9800000e+000
  2.3800000e+000
  2.1800000e+000
  2.5800000e+000
  2.3800000e+000
  2.7400000e+000
  2.5800000e+000
  2.9000000e+000
  2.7400000e+000
  3.1000000e+000
  2.9000000e+000
  3.2600000e+000
  3.1000000e+000
  3.3800000e+000
  3.2200000e+000
  3.5000000e+000
  3.3400000e+000
  3.6200000e+000
  3.4200000e+000
  3.7000000e+000
  3.5000000e+000
  3.7800000e+000
  3.5400000e+000
  3.8200000e+000
  3.6200000e+000
  3.8600000e+000
  3.6600000e+000
  3.9000000e+000
  3.7000000e+000
  3.9400000e+000
  3.7400000e+000
  3.9800000e+000
  3.7400000e+000
  3.9800000e+000
  3.7400000e+000
  3.9800000e+000
  3.7800000e+000
  3.9800000e+000
  3.7800000e+000
  3.9800000e+000
  3.7800000e+000
  3.9800000e+000
  3.7800000e+000
  4.0200000e+000
  3.7800000e+000
  4.0200000e+000
  3.8200000e+000
  4.0200000e+000
  3.7800000e+000
  4.0200000e+000
  3.8200000e+000
  4.0200000e+000
  3.7800000e+000
  4.0200000e+000
  3.8200000e+000
  4.0200000e+000
  3.8200000e+000
  4.0200000e+000
  3.8200000e+000
  4.0200000e+000
  3.8200000e+000
  4.0200000e+000
  3.8200000e+000
  4.0200000e+000
  3.8200000e+000
  4.0600000e+000
  3.7800000e+000
  4.0600000e+000
  3.8200000e+000
  4.0200000e+000
  3.8200000e+000
  4.0200000e+000
  3.8200000e+000
  4.0200000e+000
  3.8200000e+000
  4.0200000e+000
  3.8200000e+000
  4.0200000e+000
  3.8200000e+000
  4.0200000e+000
  3.7800000e+000
  4.0200000e+000
  3.8200000e+000
  4.0200000e+000
  3.8200000e+000
  4.0200000e+000
  3.7800000e+000
  4.0200000e+000
  3.8200000e+000
  4.0200000e+000
  3.8200000e+000
  4.0200000e+000
  3.8200000e+000
  4.0200000e+000
  3.8200000e+000
  4.0200000e+000
  3.8200000e+000
  4.0200000e+000
  3.8200000e+000
  4.0200000e+000
  3.8200000e+000
  4.0200000e+000
  3.7800000e+000
  4.0200000e+000
  3.8200000e+000
  4.0200000e+000
  3.8200000e+000
  4.0200000e+000
  3.8200000e+000
  4.0200000e+000
  3.8200000e+000
  4.0200000e+000
  3.7800000e+000
  4.0200000e+000
  3.8200000e+000
  4.0200000e+000
  3.7800000e+000
  4.0200000e+000
  3.8200000e+000
  4.0200000e+000
  3.7800000e+000
  4.0200000e+000
  3.8200000e+000
  4.0200000e+000
  3.7800000e+000
  4.0200000e+000
  3.8200000e+000
  4.0200000e+000
  3.7800000e+000
  4.0200000e+000
  3.7800000e+000
  4.0200000e+000
  3.7800000e+000
  4.0200000e+000
  3.8200000e+000
  4.0200000e+000
  3.7800000e+000
  4.0200000e+000
  3.8200000e+000
  4.0200000e+000
  3.8200000e+000
  4.0200000e+000
  3.7800000e+000
  4.0200000e+000
  3.8200000e+000
  4.0200000e+000
  3.7800000e+000
  4.0200000e+000
  3.7800000e+000
  4.0200000e+000
  3.7800000e+000
  4.0200000e+000
  3.7800000e+000
  4.0200000e+000
  3.8200000e+000
  4.0200000e+000
  3.7800000e+000
  4.0200000e+000
  3.8200000e+000
  4.0200000e+000
  3.7800000e+000
  4.0200000e+000
  3.8200000e+000
  4.0200000e+000
  3.7800000e+000
  4.0200000e+000
  3.7800000e+000
  4.0200000e+000
  3.7800000e+000
  4.0200000e+000
  3.8200000e+000
  4.0200000e+000
  3.7800000e+000
  4.0200000e+000
  3.7800000e+000
  4.0200000e+000
  3.7800000e+000
  4.0200000e+000
  3.8200000e+000
  4.0200000e+000
  3.8200000e+000
  4.0200000e+000
  3.8200000e+000
  4.0200000e+000
  3.8200000e+000
  4.0200000e+000
  3.7800000e+000
  4.0200000e+000
  3.8200000e+000
  4.0200000e+000
  3.8200000e+000
  4.0200000e+000
  3.8200000e+000
  4.0200000e+000
  3.7800000e+000
  4.0200000e+000
  3.7800000e+000
  4.0200000e+000
  3.7800000e+000
  4.0200000e+000
  3.7800000e+000
  4.0200000e+000
  3.8200000e+000
  4.0200000e+000
  3.8200000e+000
  4.0200000e+000
  3.7800000e+000
  4.0200000e+000
  3.8200000e+000
  4.0200000e+000
  3.8200000e+000
  4.0200000e+000
  3.7800000e+000
  4.0200000e+000
  3.7800000e+000
  4.0200000e+000
  3.7800000e+000
  4.0200000e+000
  3.7800000e+000
  4.0200000e+000
  3.7800000e+000
  4.0200000e+000
  3.7800000e+000
  3.9800000e+000
  3.7800000e+000
  4.0200000e+000
  3.7800000e+000
  3.9800000e+000
  3.7800000e+000
  3.9800000e+000
  3.7800000e+000
  3.9800000e+000
  3.7800000e+000
  3.9800000e+000
 -3.1000000e+000
  7.0600000e+000
  2.0600000e+000
  2.8600000e+000
  1.6200000e+000
  2.2200000e+000
  1.3800000e+000
  1.8200000e+000
  1.1800000e+000
  1.5800000e+000
  1.0200000e+000
  1.3400000e+000
  8.6000000e-001
  1.1800000e+000
  4.2000000e-001
  1.1800000e+000
  7.0000000e-001
  9.8000000e-001
  6.2000000e-001
  9.0000000e-001
  5.8000000e-001
  8.2000000e-001
  5.4000000e-001
  7.8000000e-001
  5.0000000e-001
  7.4000000e-001
  4.6000000e-001
  7.0000000e-001
  4.6000000e-001
  6.6000000e-001
  4.2000000e-001
  6.2000000e-001
  4.2000000e-001
  6.2000000e-001
  4.2000000e-001
  6.2000000e-001
  4.2000000e-001
  6.2000000e-001
  3.8000000e-001
  6.2000000e-001
  3.8000000e-001
  5.8000000e-001
  3.8000000e-001
  5.8000000e-001
  3.4000000e-001
  5.4000000e-001
  3.4000000e-001
  5.4000000e-001
  3.0000000e-001
  5.4000000e-001
  3.0000000e-001
  5.4000000e-001
  2.6000000e-001
  5.0000000e-001
  2.6000000e-001
  5.0000000e-001
  2.6000000e-001
  5.0000000e-001
  2.6000000e-001
  4.6000000e-001
  2.6000000e-001
  4.6000000e-001
  2.2000000e-001
  4.6000000e-001
  2.2000000e-001
  4.6000000e-001
  2.2000000e-001
  4.2000000e-001
  2.2000000e-001
  4.2000000e-001
  2.2000000e-001
  4.2000000e-001
  2.2000000e-001
  4.2000000e-001
  1.8000000e-001
  4.2000000e-001
  1.8000000e-001
  4.2000000e-001
  1.8000000e-001
  3.8000000e-001
  1.4000000e-001
  3.8000000e-001
  1.4000000e-001
  3.8000000e-001
  1.4000000e-001
  3.8000000e-001
  1.4000000e-001
  3.8000000e-001
  1.4000000e-001
  3.8000000e-001
  1.4000000e-001
  3.8000000e-001
  1.4000000e-001
  3.8000000e-001
  1.0000000e-001
  3.4000000e-001
  1.0000000e-001
  3.4000000e-001
  1.0000000e-001
  3.4000000e-001
  1.0000000e-001
  3.0000000e-001
  1.0000000e-001
  3.4000000e-001
  1.0000000e-001
  3.0000000e-001
  1.0000000e-001
  3.4000000e-001
  1.0000000e-001
  3.0000000e-001
  6.0000000e-002
  3.0000000e-001
  6.0000000e-002
  3.0000000e-001
  6.0000000e-002
  3.0000000e-001
  6.0000000e-002
  3.0000000e-001
  6.0000000e-002
  3.0000000e-001
  6.0000000e-002
  2.6000000e-001
  6.0000000e-002
  2.6000000e-001
  6.0000000e-002
  2.6000000e-001
  2.0000000e-002
  2.6000000e-001
  2.0000000e-002
  2.6000000e-001
  2.0000000e-002
  2.6000000e-001
  2.0000000e-002
  2.6000000e-001
  2.0000000e-002
  2.6000000e-001
  2.0000000e-002
  2.6000000e-001
  2.0000000e-002
  2.2000000e-001
  2.0000000e-002
  2.6000000e-001
  2.0000000e-002
  2.2000000e-001
  2.0000000e-002
  2.6000000e-001
  2.0000000e-002
  2.2000000e-001
  2.0000000e-002
  2.2000000e-001
  2.0000000e-002
  2.2000000e-001
  2.0000000e-002
  2.6000000e-001
  6.0000000e-002
  6.2000000e-001
  4.2000000e-001
  1.1400000e+000
  4.2000000e-001
  1.1000000e+000
  7.0000000e-001
  9.0000000e-001
  6.2000000e-001
  8.6000000e-001
  5.8000000e-001
  8.2000000e-001
  5.4000000e-001
  7.8000000e-001
  5.0000000e-001
  7.4000000e-001
  5.0000000e-001
  7.0000000e-001
  4.6000000e-001
  6.6000000e-001
  4.2000000e-001
  6.2000000e-001
  3.8000000e-001
  6.2000000e-001
  3.8000000e-001
  5.8000000e-001
  3.4000000e-001
  5.8000000e-001
  3.0000000e-001
  5.4000000e-001
  2.6000000e-001
  5.0000000e-001
  2.2000000e-001
  4.6000000e-001
  2.2000000e-001
  4.6000000e-001
  1.8000000e-001
  4.2000000e-001
  1.8000000e-001
  3.8000000e-001
  1.4000000e-001
  3.8000000e-001
  1.4000000e-001
  3.8000000e-001
  1.0000000e-001
  3.4000000e-001
  1.0000000e-001
  3.4000000e-001
  6.0000000e-002
  3.0000000e-001
  6.0000000e-002
  3.0000000e-001
  6.0000000e-002
  2.6000000e-001
  2.0000000e-002
  2.6000000e-001
 -2.0000000e-002
  2.2000000e-001
 -2.0000000e-002
  2.2000000e-001
 -2.0000000e-002
  2.2000000e-001
 -2.0000000e-002
  2.2000000e-001
 -2.0000000e-002
  1.8000000e-001
 -6.0000000e-002
  1.8000000e-001
 -6.0000000e-002
  1.4000000e-001
 -1.0000000e-001
  1.4000000e-001
 -1.0000000e-001
  1.4000000e-001
 -1.0000000e-001
  1.0000000e-001
 -1.0000000e-001
  1.0000000e-001
 -1.0000000e-001
  1.0000000e-001
 -1.4000000e-001
  1.0000000e-001
 -1.4000000e-001
  1.0000000e-001
 -1.4000000e-001
  1.0000000e-001
 -1.4000000e-001
  6.0000000e-002
 -1.4000000e-001
  6.0000000e-002
 -1.4000000e-001
  6.0000000e-002
 -1.8000000e-001
  6.0000000e-002
 -1.8000000e-001
  6.0000000e-002
 -1.8000000e-001
  2.0000000e-002
 -1.8000000e-001
  2.0000000e-002
 -1.8000000e-001
  2.0000000e-002
 -1.8000000e-001
  2.0000000e-002
 -2.2000000e-001
  2.0000000e-002
 -2.2000000e-001
  2.0000000e-002
 -2.2000000e-001
  2.0000000e-002
 -2.2000000e-001
  2.0000000e-002
 -2.2000000e-001
  2.0000000e-002
 -2.2000000e-001
  2.0000000e-002
 -2.2000000e-001
 -2.0000000e-002
 -2.2000000e-001
 -2.0000000e-002
 -2.2000000e-001
  2.0000000e-002
 -2.2000000e-001
 -2.0000000e-002
 -2.2000000e-001
 -2.0000000e-002
 -2.2000000e-001
 -2.0000000e-002
 -2.2000000e-001
  2.0000000e-002
 -2.2000000e-001
  2.0000000e-002
 -2.2000000e-001
 -2.0000000e-002
 -2.2000000e-001
 -2.0000000e-002
 -2.2000000e-001
  2.0000000e-002
 -2.2000000e-001
 -2.0000000e-002
 -2.2000000e-001
 -2.0000000e-002
 -2.2000000e-001
 -2.0000000e-002
 -2.2000000e-001
  2.0000000e-002
 -2.2000000e-001
 -2.0000000e-002
 -2.2000000e-001
 -2.0000000e-002
 -2.2000000e-001
 -2.0000000e-002
 -2.2000000e-001
  2.0000000e-002
 -2.2000000e-001
 -2.0000000e-002
 -2.2000000e-001
 -2.0000000e-002
 -2.2000000e-001
 -2.0000000e-002
 -2.2000000e-001
 -2.0000000e-002
 -2.2000000e-001
 -2.0000000e-002
 -2.2000000e-001
 -2.0000000e-002
 -2.2000000e-001
 -2.0000000e-002
 -2.2000000e-001
 -2.0000000e-002
 -2.2000000e-001
 -2.0000000e-002
 -2.2000000e-001
 -2.0000000e-002
 -2.2000000e-001
  2.0000000e-002
 -2.2000000e-001
 -2.0000000e-002
 -2.2000000e-001
  2.0000000e-002
 -2.2000000e-001
 -2.0000000e-002
 -2.2000000e-001
  2.0000000e-002
 -2.2000000e-001
  2.0000000e-002
 -2.2000000e-001
 -2.0000000e-002
 -2.2000000e-001
 -2.0000000e-002
 -2.2000000e-001
  2.0000000e-002
 -2.2000000e-001
 -2.0000000e-002
 -2.2000000e-001
 -2.0000000e-002
 -2.2000000e-001
  2.0000000e-002
 -2.2000000e-001
  2.0000000e-002
 -2.2000000e-001
 -2.0000000e-002
 -2.2000000e-001
 -2.0000000e-002
 -2.2000000e-001
 -2.0000000e-002
 -2.2000000e-001
  2.0000000e-002
 -2.2000000e-001
  2.0000000e-002
 -2.2000000e-001
 -2.0000000e-002
 -2.2000000e-001
 -2.0000000e-002
 -2.2000000e-001
 -2.0000000e-002
 -2.2000000e-001
 -2.0000000e-002
 -2.2000000e-001
  2.0000000e-002
 -2.2000000e-001
  2.0000000e-002
 -2.2000000e-001
 -2.0000000e-002
 -2.2000000e-001
 -2.0000000e-002
 -2.2000000e-001
 -2.0000000e-002
 -2.2000000e-001
  2.0000000e-002
 -2.2000000e-001
 -2.0000000e-002
 -2.2000000e-001
  2.0000000e-002
 -2.2000000e-001
 -2.0000000e-002
 -2.2000000e-001
  2.0000000e-002
 -2.2000000e-001
 -2.0000000e-002
 -2.2000000e-001
 -2.0000000e-002
 -2.2000000e-001
 -2.0000000e-002
 -2.2000000e-001
  2.0000000e-002
 -2.2000000e-001
 -2.0000000e-002
 -2.2000000e-001
  2.0000000e-002
 -2.2000000e-001
 -2.0000000e-002
 -2.2000000e-001
  2.0000000e-002
 -2.2000000e-001
  2.0000000e-002
 -2.2000000e-001
 -2.0000000e-002
 -2.2000000e-001
 -2.0000000e-002
 -2.2000000e-001
  2.0000000e-002
 -2.2000000e-001
 -2.0000000e-002
 -2.2000000e-001
  2.0000000e-002
 -2.2000000e-001
 -2.0000000e-002
 -2.2000000e-001
 -2.0000000e-002
 -2.2000000e-001
 -2.0000000e-002
 -2.2000000e-001
 -2.0000000e-002
 -2.2000000e-001
 -2.0000000e-002
 -2.2000000e-001
 -2.0000000e-002
 -2.2000000e-001
 -2.0000000e-002
 -2.2000000e-001
 -2.0000000e-002
 -2.2000000e-001
 -2.0000000e-002
 -2.2000000e-001
 -2.0000000e-002
 -2.2000000e-001
 -2.0000000e-002
 -2.2000000e-001
 -2.0000000e-002
 -2.2000000e-001
 -2.0000000e-002
 -2.2000000e-001
 -2.0000000e-002
 -2.2000000e-001
  2.0000000e-002
 -2.2000000e-001
 -2.0000000e-002
 -2.2000000e-001
 -2.0000000e-002
 -2.2000000e-001
 -2.0000000e-002
 -2.2000000e-001
 -2.0000000e-002
 -2.2000000e-001
 -2.0000000e-002
 -2.2000000e-001
 -2.0000000e-002
 -2.2000000e-001
 -2.0000000e-002
 -2.2000000e-001
 -2.0000000e-002
 -2.2000000e-001
  2.0000000e-002
 -2.2000000e-001
 -2.0000000e-002
 -2.2000000e-001
  2.0000000e-002
 -2.2000000e-001
  2.0000000e-002
 -2.2000000e-001
  2.0000000e-002
 -2.2000000e-001
 -2.0000000e-002
 -2.2000000e-001
  2.0000000e-002
 -2.2000000e-001
 -2.0000000e-002
 -2.2000000e-001
 -2.0000000e-002
 -2.2000000e-001
 -2.0000000e-002
 -2.2000000e-001
 -2.0000000e-002
 -2.2000000e-001
 -2.0000000e-002
 -2.2000000e-001
 -2.0000000e-002
 -2.2000000e-001
 -2.0000000e-002
 -2.2000000e-001
 -2.0000000e-002
 -2.2000000e-001
 -2.0000000e-002
 -2.2000000e-001
 -2.0000000e-002
 -2.2000000e-001
  2.0000000e-002
 -2.2000000e-001
  2.0000000e-002
 -2.2000000e-001
 -2.0000000e-002
 -2.2000000e-001
 -2.0000000e-002
 -2.2000000e-001
  2.0000000e-002
 -2.2000000e-001
 -2.0000000e-002
 -2.2000000e-001
 -2.0000000e-002
 -2.2000000e-001
  2.0000000e-002
 -2.2000000e-001
  2.0000000e-002
 -2.2000000e-001
  2.0000000e-002
 -2.6000000e-001
  2.0000000e-002
 -2.2000000e-001
 -2.0000000e-002
 -2.2000000e-001
  2.0000000e-002
 -2.2000000e-001
 -2.0000000e-002
 -2.2000000e-001
 -2.0000000e-002
 -2.2000000e-001
 -2.0000000e-002
 -2.2000000e-001
  2.0000000e-002
 -2.2000000e-001
  2.0000000e-002
 -2.2000000e-001
 -2.0000000e-002
 -2.2000000e-001
  2.0000000e-002
 -2.2000000e-001
 -2.0000000e-002
 -2.2000000e-001
 -2.0000000e-002
 -2.2000000e-001
 -2.0000000e-002
 -2.2000000e-001
 -2.0000000e-002
 -2.2000000e-001
 -2.0000000e-002
 -2.2000000e-001
  2.0000000e-002
 -2.2000000e-001
 -2.0000000e-002
 -2.2000000e-001
 -2.0000000e-002
 -2.2000000e-001
 -2.0000000e-002
 -2.2000000e-001
 -2.0000000e-002
 -2.2000000e-001
 -2.0000000e-002
 -2.2000000e-001
  2.0000000e-002
 -2.2000000e-001
 -2.0000000e-002
 -2.2000000e-001
 -2.0000000e-002
 -2.2000000e-001
 -2.0000000e-002
 -2.2000000e-001
 -2.0000000e-002
 -2.2000000e-001
 -2.0000000e-002
 -2.2000000e-001
 -2.0000000e-002
 -2.2000000e-001
 -2.0000000e-002
 -2.2000000e-001
 -2.0000000e-002
 -2.2000000e-001
 -2.0000000e-002
 -2.2000000e-001
 -2.0000000e-002
 -2.2000000e-001
 -2.0000000e-002
 -2.2000000e-001
  2.0000000e-002
 -2.2000000e-001
 -2.0000000e-002
 -2.2000000e-001
  2.0000000e-002
 -2.2000000e-001
 -2.0000000e-002
 -2.2000000e-001
 -2.0000000e-002
 -2.2000000e-001
  2.0000000e-002
 -2.2000000e-001
  2.0000000e-002
 -2.2000000e-001
 -2.0000000e-002
 -2.2000000e-001
 -2.0000000e-002
 -2.2000000e-001
 -2.0000000e-002
 -2.2000000e-001
 -2.0000000e-002
 -2.2000000e-001
  2.0000000e-002
 -2.6000000e-001
  2.0000000e-002
 -2.2000000e-001
 -2.0000000e-002
 -1.4000000e-001
 -1.0000000e-001
 -1.4000000e-001
 -1.4000000e-001
 -1.0000000e-001
 -1.4000000e-001
 -1.8000000e-001
 -1.0000000e-001
 -1.4000000e-001
 -1.4000000e-001
 -1.4000000e-001
 -1.0000000e-001
 -1.0000000e-001
 -1.0000000e-001
 -1.0000000e-001
 -1.4000000e-001
 -1.0000000e-001
 -1.0000000e-001
 -6.0000000e-002
 -1.0000000e-001
 -6.0000000e-002
 -1.8000000e-001
 -1.4000000e-001
 -1.0000000e-001
 -1.0000000e-001
 -1.4000000e-001
 -1.8000000e-001
 -1.0000000e-001
 -1.0000000e-001
 -1.4000000e-001
 -1.0000000e-001
 -1.0000000e-001
 -6.0000000e-002
 -1.0000000e-001
 -1.4000000e-001
 -1.0000000e-001
 -1.0000000e-001
 -1.0000000e-001
 -1.8000000e-001
 -1.0000000e-001
 -1.4000000e-001
 -1.4000000e-001
 -1.0000000e-001
 -1.0000000e-001
 -1.4000000e-001
 -1.4000000e-001
 -1.0000000e-001
 -1.0000000e-001
 -1.0000000e-001
 -6.0000000e-002
 -1.4000000e-001
 -1.0000000e-001
 -1.0000000e-001
 -6.0000000e-002
 -1.0000000e-001
 -1.4000000e-001
 -1.4000000e-001
 -1.4000000e-001
 -6.0000000e-002
 -1.0000000e-001
 -1.0000000e-001
 -1.0000000e-001
 -1.0000000e-001
 -1.0000000e-001
 -1.0000000e-001
 -1.0000000e-001
 -1.0000000e-001
 -1.0000000e-001
 -1.0000000e-001
 -1.4000000e-001
 -1.4000000e-001
 -1.0000000e-001
 -1.0000000e-001
 -1.0000000e-001
 -1.0000000e-001
 -1.0000000e-001
 -1.4000000e-001
 -1.4000000e-001
 -1.0000000e-001
 -1.4000000e-001
 -1.0000000e-001
 -1.4000000e-001
 -1.0000000e-001
 -1.4000000e-001
 -1.4000000e-001
 -1.0000000e-001
 -6.0000000e-002
 -1.0000000e-001
 -1.4000000e-001
 -1.0000000e-001
 -1.0000000e-001
 -6.0000000e-002
  1.8000000e-001
  2.6000000e-001
  3.8000000e-001
  4.6000000e-001
  5.4000000e-001
  5.8000000e-001
  7.0000000e-001
  7.8000000e-001
  8.6000000e-001
  8.6000000e-001
  1.0200000e+000
  1.0600000e+000
  1.2200000e+000
  1.2200000e+000
  1.3000000e+000
  1.3800000e+000
  1.4200000e+000
  1.4600000e+000
  1.5400000e+000
  1.5800000e+000
  1.6200000e+000
  1.7400000e+000
  1.8200000e+000
  1.7800000e+000
  1.8600000e+000
  1.9800000e+000
  2.0200000e+000
  2.0600000e+000
  2.0600000e+000
  2.1000000e+000
  2.1400000e+000
  2.1800000e+000
  2.2200000e+000
  2.3400000e+000
  2.2600000e+000
  2.2600000e+000
  2.2200000e+000
  2.0200000e+000
  1.6200000e+000
  8.6000000e-001
  9.4000000e-001
  9.4000000e-001
  1.0200000e+000
  1.0200000e+000
  1.1400000e+000
  1.1000000e+000
  1.2200000e+000
  1.2200000e+000
  1.3000000e+000
  1.2600000e+000
  1.3400000e+000
  1.4200000e+000
  1.5000000e+000
  1.4600000e+000
  1.6200000e+000
  1.7000000e+000
  1.8200000e+000
  1.9000000e+000
  2.0200000e+000
  2.0600000e+000
  2.2200000e+000
  2.3000000e+000
  2.3800000e+000
  2.5800000e+000
  2.5800000e+000
  2.6200000e+000
  2.7800000e+000
  2.8600000e+000
  2.9400000e+000
  3.0600000e+000
  3.1000000e+000
  3.2200000e+000
  3.3000000e+000
  3.3400000e+000
  3.3800000e+000
  3.4600000e+000
  3.5000000e+000
  3.5400000e+000
  3.5800000e+000
  3.6200000e+000
  3.7000000e+000
  3.7000000e+000
  3.7000000e+000
  3.7800000e+000
  3.8200000e+000
  3.8200000e+000
  3.8600000e+000
  3.8200000e+000
  3.8200000e+000
  3.9000000e+000
  3.8600000e+000
  3.8600000e+000
  3.9400000e+000
  3.9000000e+000
  3.9800000e+000
  3.9400000e+000
  3.9000000e+000
  3.9400000e+000
  3.9800000e+000
  3.9800000e+000
  3.9000000e+000
  3.9000000e+000
  3.9800000e+000
  3.9800000e+000
  3.9800000e+000
  3.9800000e+000
  3.9800000e+000
  3.9800000e+000
  3.9800000e+000
  3.9000000e+000
  3.9400000e+000
  3.9800000e+000
  3.9800000e+000
  3.9800000e+000
  3.9800000e+000
  3.9800000e+000
  3.9800000e+000
  4.0200000e+000
  3.9000000e+000
  4.0200000e+000
  3.9400000e+000
  3.9800000e+000
  3.9400000e+000
  3.9800000e+000
  4.0200000e+000
  3.9800000e+000
  3.9400000e+000
  3.9400000e+000
  3.9800000e+000
  3.9400000e+000
  3.9800000e+000
  3.9800000e+000
  3.9800000e+000
  3.9800000e+000
  3.9400000e+000
  3.9800000e+000
  3.9400000e+000
  3.9800000e+000
  3.9800000e+000
  3.9800000e+000
  3.9800000e+000
  3.9400000e+000
  3.9800000e+000
  3.9800000e+000
  3.9800000e+000
  3.9800000e+000
  3.9000000e+000
  3.9800000e+000
  3.9800000e+000
  3.9800000e+000
  3.9400000e+000
  3.9800000e+000
  3.9800000e+000
  3.9800000e+000
  3.9800000e+000
  3.9400000e+000
  3.9800000e+000
  4.0200000e+000
  3.9800000e+000
  3.9800000e+000
  3.9800000e+000
  3.9800000e+000
  3.9000000e+000
  3.9400000e+000
  3.9400000e+000
  3.9400000e+000
  3.9000000e+000
  3.9800000e+000
  3.9800000e+000
  3.9800000e+000
  3.9400000e+000
  3.9800000e+000
  3.9400000e+000
  3.9800000e+000
  3.9800000e+000
  3.9800000e+000
  3.9400000e+000
  3.9800000e+000
  3.9800000e+000
  3.9800000e+000
  3.9800000e+000
  3.9400000e+000
  3.9800000e+000
  3.9400000e+000
  3.9400000e+000
  3.9000000e+000
  3.9800000e+000
  3.9800000e+000
  3.9800000e+000
  3.9800000e+000
  3.9800000e+000
  3.9800000e+000
  3.9800000e+000
  3.9800000e+000
  3.9800000e+000
  3.9800000e+000
  3.9800000e+000
  3.9400000e+000
  3.9000000e+000
  3.9800000e+000
  3.9800000e+000
  3.9800000e+000
  3.9800000e+000
  3.9000000e+000
  3.9800000e+000
  3.9800000e+000
  3.9400000e+000
  3.9800000e+000
  3.9800000e+000
  3.9800000e+000
  3.9400000e+000
  3.9800000e+000
  3.9800000e+000
  3.9400000e+000
  3.9400000e+000
  3.9000000e+000
  3.9400000e+000
  3.9800000e+000
  3.9800000e+000
  3.9800000e+000
  3.9000000e+000
  3.9800000e+000
  3.9800000e+000
  3.9000000e+000
  3.9000000e+000
  3.9400000e+000
  3.9000000e+000
  4.0200000e+000
  3.9800000e+000
  3.9800000e+000
  3.9800000e+000
  3.9800000e+000
  3.9800000e+000
  3.9400000e+000
  3.9400000e+000
  3.9800000e+000
  3.9000000e+000
  3.9800000e+000
  3.9000000e+000
  3.9400000e+000
  3.9000000e+000
  3.9800000e+000
  3.9800000e+000
  3.9800000e+000
  3.9000000e+000
  3.9800000e+000
  3.9800000e+000
  3.9800000e+000
  3.9800000e+000
  3.9800000e+000
  3.9800000e+000
  3.9800000e+000
  3.9800000e+000
  3.9400000e+000
  3.9800000e+000
  3.9800000e+000
  3.9400000e+000
  3.9000000e+000
  3.9400000e+000
  3.9800000e+000
  3.9400000e+000
  3.9400000e+000
  3.9400000e+000
  3.9800000e+000
  3.9000000e+000
  3.9800000e+000
  3.9800000e+000
  3.9000000e+000
  3.9800000e+000
  3.9800000e+000
  3.9800000e+000
  4.0200000e+000
  3.9800000e+000
  3.9800000e+000
  3.9000000e+000
  3.9800000e+000
  3.9400000e+000
  4.0200000e+000
  3.9800000e+000
  3.9800000e+000
  3.9400000e+000
  3.9000000e+000
  3.9400000e+000
  3.9800000e+000
  3.9000000e+000
  3.9800000e+000
  3.9800000e+000
  3.9800000e+000
  3.9800000e+000
  3.9800000e+000
  3.9800000e+000
  3.9800000e+000
  3.9800000e+000
  3.9800000e+000
  3.9800000e+000
  3.9800000e+000
  3.9400000e+000
  3.9800000e+000
  3.9400000e+000
  3.9400000e+000
  3.9400000e+000
  3.9000000e+000
  3.9400000e+000
  3.9400000e+000
  3.9800000e+000
  3.9400000e+000
  3.9800000e+000
  3.9000000e+000
  3.9000000e+000
  2.7800000e+000
  2.4200000e+000
  2.1400000e+000
  1.9800000e+000
  1.7800000e+000
  1.5400000e+000
  1.4600000e+000
  1.3800000e+000
  1.2600000e+000
  1.2200000e+000
  1.1000000e+000
  1.0600000e+000
  9.4000000e-001
  9.0000000e-001
  8.6000000e-001
  8.2000000e-001
  8.2000000e-001
  7.4000000e-001
  7.0000000e-001
  7.0000000e-001
  7.0000000e-001
  6.2000000e-001
  6.6000000e-001
  6.2000000e-001
  6.2000000e-001
  5.8000000e-001
  5.4000000e-001
  5.8000000e-001
  5.4000000e-001
  5.4000000e-001
  5.0000000e-001
  5.4000000e-001
  5.0000000e-001
  5.0000000e-001
  5.4000000e-001
  5.0000000e-001
  5.0000000e-001
  5.0000000e-001
  5.0000000e-001
  4.2000000e-001
  4.6000000e-001
  4.6000000e-001
  4.6000000e-001
  4.6000000e-001
  4.2000000e-001
  4.2000000e-001
  4.6000000e-001
  4.2000000e-001
  4.2000000e-001
  3.8000000e-001
  4.2000000e-001
  4.2000000e-001
  3.8000000e-001
  3.8000000e-001
  3.8000000e-001
  3.8000000e-001
  4.2000000e-001
  3.8000000e-001
  3.8000000e-001
  3.8000000e-001
  3.8000000e-001
  3.8000000e-001
  3.0000000e-001
  3.0000000e-001
  3.8000000e-001
  3.8000000e-001
  3.8000000e-001
  3.0000000e-001
  3.0000000e-001
  3.0000000e-001
  3.0000000e-001
  3.0000000e-001
  3.0000000e-001
  3.0000000e-001
  3.4000000e-001
  3.0000000e-001
  3.0000000e-001
  2.6000000e-001
  2.2000000e-001
  3.0000000e-001
  3.0000000e-001
  2.6000000e-001
  2.6000000e-001
  2.6000000e-001
  2.6000000e-001
  3.0000000e-001
  2.6000000e-001
  2.2000000e-001
  2.2000000e-001
  2.2000000e-001
  2.2000000e-001
  2.2000000e-001
  2.6000000e-001
  2.6000000e-001
  2.2000000e-001
  2.2000000e-001
  2.2000000e-001
  2.2000000e-001
  2.2000000e-001
  2.2000000e-001
  2.6000000e-001
  2.2000000e-001
  2.2000000e-001
  2.6000000e-001
  2.2000000e-001
  2.2000000e-001
  2.2000000e-001
  2.2000000e-001
  1.8000000e-001
  2.2000000e-001
  2.2000000e-001
  1.8000000e-001
  2.2000000e-001
  1.8000000e-001
  2.2000000e-001
  2.2000000e-001
  1.4000000e-001
  1.8000000e-001
  1.4000000e-001
  1.4000000e-001
  2.2000000e-001
  1.8000000e-001
  1.8000000e-001
  1.0000000e-001
  1.8000000e-001
  1.4000000e-001
  1.4000000e-001
  1.4000000e-001
  1.8000000e-001
  1.4000000e-001
  1.4000000e-001
  1.8000000e-001
  1.4000000e-001
  1.0000000e-001
  1.4000000e-001
  1.4000000e-001
  1.0000000e-001
  1.4000000e-001
  1.4000000e-001
  1.8000000e-001
  1.4000000e-001
  1.4000000e-001
  1.4000000e-001
  1.4000000e-001
  1.0000000e-001
  1.4000000e-001
  6.0000000e-002
  1.4000000e-001
  1.0000000e-001
  1.0000000e-001
  1.0000000e-001
  6.0000000e-002
  1.0000000e-001
  1.4000000e-001
  3.0000000e-001
  5.0000000e-001
  8.2000000e-001
  9.4000000e-001
  8.6000000e-001
  8.2000000e-001
  8.2000000e-001
  7.8000000e-001
  7.4000000e-001
  7.4000000e-001
  7.0000000e-001
  7.0000000e-001
  6.6000000e-001
  6.6000000e-001
  6.2000000e-001
  6.2000000e-001
  5.8000000e-001
  5.8000000e-001
  5.8000000e-001
  5.4000000e-001
  5.4000000e-001
  5.0000000e-001
  4.6000000e-001
  5.0000000e-001
  4.6000000e-001
  4.6000000e-001
  4.6000000e-001
  4.6000000e-001
  3.8000000e-001
  3.8000000e-001
  3.8000000e-001
  3.4000000e-001
  3.8000000e-001
  3.8000000e-001
  3.4000000e-001
  3.0000000e-001
  3.4000000e-001
  2.2000000e-001
  3.0000000e-001
  3.0000000e-001
  3.4000000e-001
  2.6000000e-001
  2.2000000e-001
  1.8000000e-001
  2.2000000e-001
  2.2000000e-001
  1.8000000e-001
  1.8000000e-001
  1.8000000e-001
  1.8000000e-001
  1.8000000e-001
  1.4000000e-001
  1.8000000e-001
  1.8000000e-001
  1.4000000e-001
  1.0000000e-001
  1.4000000e-001
  1.4000000e-001
  1.0000000e-001
  1.0000000e-001
  1.0000000e-001
  6.0000000e-002
  6.0000000e-002
  6.0000000e-002
  1.0000000e-001
  6.0000000e-002
  1.0000000e-001
  2.0000000e-002
  2.0000000e-002
  6.0000000e-002
  6.0000000e-002
  6.0000000e-002
  6.0000000e-002
  2.0000000e-002
 -2.0000000e-002
 -2.0000000e-002
 -2.0000000e-002
 -2.0000000e-002
  2.0000000e-002
  2.0000000e-002
  2.0000000e-002
 -6.0000000e-002
 -6.0000000e-002
 -2.0000000e-002
 -2.0000000e-002
  2.0000000e-002
 -2.0000000e-002
 -6.0000000e-002
 -2.0000000e-002
 -1.0000000e-001
 -6.0000000e-002
 -6.0000000e-002
 -2.0000000e-002
 -1.4000000e-001
 -2.0000000e-002
 -6.0000000e-002
 -6.0000000e-002
 -6.0000000e-002
 -6.0000000e-002
 -1.4000000e-001
 -1.0000000e-001
 -6.0000000e-002
 -1.0000000e-001
 -1.0000000e-001
 -1.0000000e-001
 -1.0000000e-001
 -1.0000000e-001
 -1.0000000e-001
 -6.0000000e-002
 -1.4000000e-001
 -1.0000000e-001
 -1.0000000e-001
 -1.0000000e-001
 -1.4000000e-001
 -1.0000000e-001
 -1.0000000e-001
 -1.0000000e-001
 -1.4000000e-001
 -1.4000000e-001
 -6.0000000e-002
 -6.0000000e-002
 -6.0000000e-002
 -1.0000000e-001
 -1.0000000e-001
 -1.0000000e-001
 -1.0000000e-001
 -1.0000000e-001
 -1.0000000e-001
 -1.0000000e-001
 -1.4000000e-001
 -1.0000000e-001
 -1.4000000e-001
 -1.4000000e-001
 -1.8000000e-001
 -1.8000000e-001
 -1.0000000e-001
 -1.0000000e-001
 -1.4000000e-001
 -1.0000000e-001
 -1.4000000e-001
 -1.0000000e-001
 -1.0000000e-001
 -1.4000000e-001
 -1.0000000e-001
 -1.0000000e-001
 -1.4000000e-001
 -1.4000000e-001
 -1.4000000e-001
 -1.8000000e-001
 -1.0000000e-001
 -1.0000000e-001
 -1.8000000e-001
 -1.4000000e-001
 -1.0000000e-001
 -1.4000000e-001
 -1.4000000e-001
 -1.0000000e-001
 -1.4000000e-001
 -1.0000000e-001
 -1.0000000e-001
 -1.4000000e-001
 -1.4000000e-001
 -1.4000000e-001
 -1.4000000e-001
 -1.4000000e-001
 -1.0000000e-001
 -1.4000000e-001
 -1.0000000e-001
 -1.4000000e-001
 -1.0000000e-001
 -1.4000000e-001
 -1.4000000e-001
 -1.0000000e-001
 -1.0000000e-001
 -1.0000000e-001
 -1.4000000e-001
 -6.0000000e-002
 -1.0000000e-001
 -1.0000000e-001
 -1.0000000e-001
 -1.0000000e-001
 -1.0000000e-001
 -1.0000000e-001
 -1.4000000e-001
 -1.0000000e-001
 -1.0000000e-001
 -1.4000000e-001
 -1.0000000e-001
 -1.4000000e-001
 -1.0000000e-001
 -1.0000000e-001
 -1.4000000e-001
 -1.0000000e-001
 -1.4000000e-001
 -1.0000000e-001
 -1.8000000e-001
 -1.0000000e-001
 -1.0000000e-001
 -1.0000000e-001
 -1.0000000e-001
 -6.0000000e-002
 -1.0000000e-001
 -1.0000000e-001
 -1.4000000e-001
 -1.0000000e-001
 -1.0000000e-001
 -1.4000000e-001
 -1.4000000e-001
 -1.0000000e-001
 -1.0000000e-001
 -1.0000000e-001
 -1.4000000e-001
 -1.4000000e-001
 -1.4000000e-001
 -6.0000000e-002
 -1.0000000e-001
 -1.0000000e-001
 -1.4000000e-001
 -1.4000000e-001
 -1.4000000e-001
 -1.0000000e-001
 -1.0000000e-001
 -1.0000000e-001
 -1.0000000e-001
 -1.0000000e-001
 -1.0000000e-001
 -1.0000000e-001
 -1.4000000e-001
 -1.4000000e-001
 -1.0000000e-001
 -1.0000000e-001
 -1.4000000e-001
 -1.4000000e-001
 -1.0000000e-001
 -1.4000000e-001
 -1.0000000e-001
 -1.4000000e-001
 -1.0000000e-001
 -1.0000000e-001
 -1.0000000e-001
 -6.0000000e-002
 -1.0000000e-001
 -1.0000000e-001
 -1.0000000e-001
 -6.0000000e-002
 -1.4000000e-001
 -1.4000000e-001
 -1.0000000e-001
 -1.4000000e-001
 -1.4000000e-001
 -1.0000000e-001
 -6.0000000e-002
 -1.0000000e-001
 -6.0000000e-002
 -1.4000000e-001
 -1.0000000e-001
 -1.0000000e-001
 -1.0000000e-001
 -6.0000000e-002
 -1.4000000e-001
 -1.0000000e-001
 -1.4000000e-001
 -1.0000000e-001
 -6.0000000e-002
 -1.0000000e-001
 -1.8000000e-001
 -1.8000000e-001
 -1.0000000e-001
 -1.0000000e-001
 -1.4000000e-001
 -1.0000000e-001
 -1.0000000e-001
 -1.4000000e-001
 -1.4000000e-001
 -1.4000000e-001
 -1.4000000e-001
 -1.4000000e-001
 -1.4000000e-001
 -1.4000000e-001
 -1.4000000e-001
 -1.0000000e-001
 -1.4000000e-001
 -1.0000000e-001
 -1.0000000e-001
 -1.4000000e-001
 -1.4000000e-001
 -1.0000000e-001
 -1.4000000e-001
 -1.4000000e-001
 -1.0000000e-001
 -1.4000000e-001
 -1.8000000e-001
 -1.0000000e-001
 -1.4000000e-001
 -6.0000000e-002
 -1.4000000e-001
 -6.0000000e-002
 -1.0000000e-001
 -1.0000000e-001
 -1.4000000e-001
 -1.0000000e-001
 -1.0000000e-001
 -1.4000000e-001
 -1.4000000e-001
 -1.4000000e-001
 -1.4000000e-001
 -1.0000000e-001
 -1.0000000e-001
 -1.0000000e-001
 -1.4000000e-001
 -1.0000000e-001
 -6.0000000e-002
 -6.0000000e-002
 -1.4000000e-001
 -1.0000000e-001
 -1.0000000e-001
 -1.4000000e-001
 -1.4000000e-001
 -1.0000000e-001
 -1.0000000e-001
 -1.0000000e-001
 -1.0000000e-001
 -1.0000000e-001
 -1.0000000e-001
 -1.0000000e-001
 -1.4000000e-001
 -1.0000000e-001
 -6.0000000e-002
 -1.0000000e-001
 -1.4000000e-001
 -1.0000000e-001
 -1.4000000e-001
 -1.0000000e-001
 -1.0000000e-001
 -1.0000000e-001
 -1.0000000e-001
 -1.4000000e-001
 -1.0000000e-001
 -6.0000000e-002
 -1.0000000e-001
 -1.0000000e-001
 -1.0000000e-001
 -1.0000000e-001
 -1.4000000e-001
 -1.4000000e-001
 -1.0000000e-001
 -1.4000000e-001
 -1.4000000e-001
 -1.4000000e-001
 -1.8000000e-001
 -1.4000000e-001
 -6.0000000e-002
 -1.4000000e-001
 -1.4000000e-001
 -1.8000000e-001
 -1.0000000e-001
 -1.0000000e-001
 -1.0000000e-001
 -1.0000000e-001
 -1.4000000e-001
 -1.0000000e-001
 -1.0000000e-001
 -1.0000000e-001
 -1.4000000e-001
 -1.4000000e-001
 -1.4000000e-001
 -1.4000000e-001
 -1.4000000e-001
 -1.4000000e-001
 -1.0000000e-001
 -1.0000000e-001
 -6.0000000e-002
 -1.0000000e-001
 -1.0000000e-001
 -1.4000000e-001
 -1.4000000e-001
 -1.0000000e-001
 -1.0000000e-001
 -1.0000000e-001
 -1.0000000e-001
 -1.0000000e-001
 -1.4000000e-001
 -1.4000000e-001
 -1.4000000e-001
 -1.4000000e-001
 -1.0000000e-001
 -1.4000000e-001
 -1.4000000e-001
 -1.0000000e-001
 -1.0000000e-001
 -1.0000000e-001
 -1.4000000e-001
 -1.0000000e-001
 -6.0000000e-002
 -1.0000000e-001
 -1.4000000e-001
 -6.0000000e-002
 -1.4000000e-001
 -1.4000000e-001
 -1.0000000e-001
 -1.0000000e-001
 -1.4000000e-001
 -1.4000000e-001
 -1.0000000e-001
 -1.0000000e-001
 -1.0000000e-001
 -1.4000000e-001
 -1.0000000e-001
 -1.0000000e-001
 -1.0000000e-001
 -1.4000000e-001
 -1.0000000e-001
 -1.8000000e-001
 -1.4000000e-001
 -6.0000000e-002
 -1.4000000e-001
 -1.0000000e-001
 -1.0000000e-001
 -1.0000000e-001
 -1.4000000e-001
 -1.0000000e-001
 -1.0000000e-001
 -1.0000000e-001
 -1.0000000e-001
 -1.4000000e-001
 -1.0000000e-001
 -1.4000000e-001
 -1.4000000e-001
 -1.8000000e-001
 -1.0000000e-001
 -1.4000000e-001
 -1.0000000e-001
 -6.0000000e-002
 -1.0000000e-001
 -1.0000000e-001
 -6.0000000e-002
 -1.0000000e-001
 -1.0000000e-001
 -1.0000000e-001
 -1.4000000e-001
 -1.4000000e-001
 -1.0000000e-001
 -1.8000000e-001
 -1.0000000e-001
 -1.4000000e-001
 -1.0000000e-001
 -1.0000000e-001
 -1.0000000e-001
 -1.0000000e-001
 -1.4000000e-001
 -6.0000000e-002
 -1.4000000e-001
 -1.4000000e-001
 -1.4000000e-001
 -1.0000000e-001
 -1.0000000e-001
 -1.0000000e-001
 -1.0000000e-001
 -1.0000000e-001
 -1.8000000e-001
 -1.0000000e-001
 -1.0000000e-001
 -1.0000000e-001
 -1.4000000e-001
 -1.0000000e-001
 -6.0000000e-002
 -1.0000000e-001
 -1.4000000e-001
 -1.4000000e-001
 -1.0000000e-001
 -1.0000000e-001
 -1.8000000e-001
 -1.0000000e-001
 -1.4000000e-001
 -1.0000000e-001
 -1.8000000e-001
 -1.4000000e-001
 -1.4000000e-001
 -1.0000000e-001
 -1.8000000e-001
 -1.4000000e-001
 -1.4000000e-001
 -1.0000000e-001
 -6.0000000e-002
 -1.4000000e-001
 -1.0000000e-001
 -1.0000000e-001
 -1.0000000e-001
 -1.0000000e-001
 -1.0000000e-001
 -1.0000000e-001
 -1.0000000e-001
 -6.0000000e-002
 -1.4000000e-001
 -1.4000000e-001
 -6.0000000e-002
 -1.0000000e-001
 -1.4000000e-001
 -1.0000000e-001
 -1.0000000e-001
 -6.0000000e-002
 -6.0000000e-002
 -6.0000000e-002
 -6.0000000e-002
 -1.0000000e-001
 -1.0000000e-001
 -1.0000000e-001
 -1.0000000e-001
 -1.0000000e-001
 -1.4000000e-001
 -1.4000000e-001
 -1.0000000e-001
 -1.4000000e-001
 -1.4000000e-001
 -1.0000000e-001
 -1.0000000e-001
 -1.0000000e-001
 -1.0000000e-001
 -1.0000000e-001
 -1.4000000e-001
 -6.0000000e-002
 -1.0000000e-001
 -1.0000000e-001
 -1.0000000e-001
 -1.4000000e-001
 -1.0000000e-001
 -1.4000000e-001
 -1.0000000e-001
 -1.0000000e-001
 -1.8000000e-001
 -1.0000000e-001
 -1.0000000e-001
 -1.4000000e-001
 -1.0000000e-001
 -1.0000000e-001
 -1.0000000e-001
 -1.8000000e-001
 -1.0000000e-001
 -1.0000000e-001
 -1.0000000e-001
 -1.0000000e-001
 -1.4000000e-001
 -1.0000000e-001
 -6.0000000e-002
 -1.4000000e-001
 -2.0000000e-002
  1.0000000e-001
  2.2000000e-001
  3.0000000e-001
  4.2000000e-001
  4.6000000e-001
  6.2000000e-001
  7.0000000e-001
  7.4000000e-001
  8.2000000e-001
  9.0000000e-001
  1.0200000e+000
  1.1000000e+000
  1.1400000e+000
  1.2600000e+000
  1.3000000e+000
  1.3000000e+000
  1.4200000e+000
  1.4600000e+000
  1.5000000e+000
  1.5800000e+000
  1.5800000e+000
  1.7400000e+000
  1.7400000e+000
  1.7800000e+000
  1.9000000e+000
  1.8600000e+000
  1.9400000e+000
  2.0200000e+000
  2.1000000e+000
  2.1000000e+000
  2.1400000e+000
  2.1800000e+000
  2.2200000e+000
  2.2600000e+000
  2.2600000e+000
  2.3000000e+000
  2.2200000e+000
  2.1000000e+000
  1.8200000e+000
  1.1000000e+000
  8.6000000e-001
  9.0000000e-001
  1.0200000e+000
  1.0200000e+000
  1.1000000e+000
  1.1400000e+000
  1.1400000e+000
  1.1800000e+000
  1.2600000e+000
  1.3000000e+000
  1.3800000e+000
  1.4200000e+000
  1.4600000e+000
  1.5000000e+000
  1.6200000e+000
  1.6600000e+000
  1.7000000e+000
  1.8200000e+000
  1.9800000e+000
  2.0600000e+000
  2.2200000e+000
  2.2600000e+000
  2.3400000e+000
  2.4600000e+000
  2.5800000e+000
  2.6600000e+000
  2.7400000e+000
  2.8200000e+000
  2.9000000e+000
  2.9800000e+000
  3.1000000e+000
  3.2200000e+000
  3.3000000e+000
  3.3400000e+000
  3.3800000e+000
  3.4200000e+000
  3.5000000e+000
  3.5400000e+000
  3.5800000e+000
  3.5800000e+000
  3.7000000e+000
  3.7000000e+000
  3.7400000e+000
  3.7400000e+000
  3.8200000e+000
  3.7800000e+000
  3.8200000e+000
  3.8200000e+000
  3.9400000e+000
  3.9000000e+000
  3.9000000e+000
  3.8200000e+000
  3.9000000e+000
  3.9000000e+000
  3.9000000e+000
  3.9400000e+000
  3.9000000e+000
  3.9400000e+000
  3.9800000e+000
  3.9400000e+000
  3.9800000e+000
  3.9800000e+000
  3.9800000e+000
  3.9800000e+000
  3.9400000e+000
  3.9400000e+000
  3.9800000e+000
  3.9800000e+000
  3.9800000e+000
  3.9800000e+000
  3.9800000e+000
  3.9800000e+000
  3.9800000e+000
  3.9800000e+000
  3.9800000e+000
  3.9800000e+000
  3.9800000e+000
  3.9800000e+000
  3.9800000e+000
  3.9800000e+000
  3.9000000e+000
  3.9800000e+000
  3.9400000e+000
  3.9800000e+000
  3.9800000e+000
  3.9800000e+000
  3.9800000e+000
  3.9800000e+000
  3.9800000e+000
  4.0200000e+000
  3.9800000e+000
  4.0200000e+000
  3.9800000e+000
  3.9800000e+000
  3.9400000e+000
  3.9800000e+000
  3.9800000e+000
  3.9800000e+000
  3.9400000e+000
  3.9800000e+000
  3.9800000e+000
  3.9800000e+000
  3.9400000e+000
  3.9800000e+000
  3.9800000e+000
  3.9800000e+000
  3.9000000e+000
  3.9400000e+000
  3.9400000e+000
  3.9800000e+000
  3.9800000e+000
  3.9800000e+000
  3.9800000e+000
  3.9800000e+000
  4.0200000e+000
  3.9800000e+000
  3.9800000e+000
  3.9800000e+000
  3.9000000e+000
  3.9800000e+000
  3.9400000e+000
  3.9800000e+000
  3.9800000e+000
  3.9800000e+000
  3.9800000e+000
  3.9800000e+000
  3.9400000e+000
  3.9800000e+000
  4.0200000e+000
  3.9800000e+000
  3.9800000e+000
  3.9800000e+000
  3.9800000e+000
  3.9800000e+000
  3.9000000e+000
  3.9800000e+000
  3.9800000e+000
  3.9400000e+000
  3.9800000e+000
  3.9800000e+000
  3.9800000e+000
  3.9800000e+000
  3.9800000e+000
  3.9800000e+000
  3.9400000e+000
  3.9800000e+000
  3.9400000e+000
  3.9800000e+000
  3.9400000e+000
  3.9800000e+000
  3.9000000e+000
  3.9400000e+000
  3.9800000e+000
  3.9800000e+000
  3.9800000e+000
  3.9400000e+000
  3.9400000e+000
  3.9800000e+000
  3.9800000e+000
  3.9800000e+000
  3.9800000e+000
  3.9800000e+000
  3.9800000e+000
  3.9800000e+000
  3.9800000e+000
  3.9800000e+000
  3.9800000e+000
  3.9800000e+000
  3.9800000e+000
  3.9400000e+000
  3.9800000e+000
  3.9800000e+000
  3.9000000e+000
  4.0200000e+000
  3.9000000e+000
  4.0200000e+000
  3.9800000e+000
  3.9800000e+000
  3.9400000e+000
  3.9400000e+000
  3.9800000e+000
  3.9400000e+000
  3.9800000e+000
  3.9800000e+000
  3.9800000e+000
  3.9800000e+000
  3.9800000e+000
  3.9800000e+000
  3.9400000e+000
  3.9800000e+000
  3.9800000e+000
  3.9800000e+000
  3.9400000e+000
  3.9400000e+000
  3.9000000e+000
  3.9800000e+000
  3.9000000e+000
  3.9800000e+000
  3.9400000e+000
  3.9800000e+000
  3.9000000e+000
  3.9000000e+000
  3.9800000e+000
  3.9800000e+000
  3.9800000e+000
  3.9800000e+000
  3.9800000e+000
  3.9800000e+000
  3.9800000e+000
  3.9000000e+000
  3.9800000e+000
  3.9800000e+000
  3.9400000e+000
  3.9800000e+000
  3.9400000e+000
  3.9800000e+000
  3.9800000e+000
  3.9000000e+000
  3.9800000e+000
  3.9000000e+000
  3.9800000e+000
  3.9800000e+000
  3.9800000e+000
  3.9800000e+000
  3.9800000e+000
  3.9800000e+000
  3.9400000e+000
  3.9800000e+000
  4.0200000e+000
  3.9800000e+000
  3.9800000e+000
  3.9400000e+000
  3.9000000e+000
  3.9400000e+000
  3.9800000e+000
  3.9400000e+000
  3.9000000e+000
  3.9800000e+000
  3.9400000e+000
  3.9800000e+000
  3.9400000e+000
  3.9800000e+000
  3.9800000e+000
  3.9800000e+000
  3.9000000e+000
  3.9800000e+000
  3.9800000e+000
  3.9800000e+000
  3.9800000e+000
  3.9800000e+000
  3.9800000e+000
  3.9800000e+000
  3.9400000e+000
  3.9800000e+000
  3.9800000e+000
  3.9400000e+000
  3.9800000e+000
  3.9000000e+000
  3.9400000e+000
  3.9800000e+000
  3.9400000e+000
  3.9400000e+000
  3.9400000e+000
  3.9000000e+000
  3.9800000e+000
  3.9800000e+000
  3.9800000e+000
  3.9800000e+000
  3.9800000e+000
  3.9000000e+000
  3.9400000e+000
  3.9800000e+000
  3.9400000e+000
  3.9800000e+000
  3.9800000e+000
  3.9800000e+000
  3.9800000e+000
  3.9800000e+000
  3.9800000e+000
  3.9400000e+000
  3.9800000e+000
  3.9800000e+000
  3.9000000e+000
  3.9800000e+000
  3.9800000e+000
  3.9000000e+000
  3.9400000e+000
  3.9000000e+000
  3.6200000e+000
  3.2200000e+000
  2.3800000e+000
  2.1400000e+000
  1.9000000e+000
  1.7400000e+000
  1.5800000e+000
  1.4600000e+000
  1.3400000e+000
  1.2200000e+000
  1.1800000e+000
  1.1400000e+000
  1.0600000e+000
  9.8000000e-001
  9.0000000e-001
  9.0000000e-001
  7.8000000e-001
  7.8000000e-001
  8.2000000e-001
  7.4000000e-001
  6.6000000e-001
  6.6000000e-001
  6.6000000e-001
  6.2000000e-001
  5.8000000e-001
  5.8000000e-001
  5.4000000e-001
  5.8000000e-001
  5.4000000e-001
  5.8000000e-001
  5.8000000e-001
  5.0000000e-001
  5.0000000e-001
  5.0000000e-001
  5.0000000e-001
  5.4000000e-001
  5.0000000e-001
  5.0000000e-001
  5.0000000e-001
  5.0000000e-001
  5.0000000e-001
  4.2000000e-001
  4.6000000e-001
  4.2000000e-001
  4.2000000e-001
  4.2000000e-001
  4.6000000e-001
  4.2000000e-001
  3.8000000e-001
  3.8000000e-001
  4.2000000e-001
  3.8000000e-001
  4.2000000e-001
  3.8000000e-001
  3.8000000e-001
  3.8000000e-001
  3.4000000e-001
  4.6000000e-001
  3.0000000e-001
  3.8000000e-001
  3.8000000e-001
  3.8000000e-001
  3.8000000e-001
  3.0000000e-001
  3.0000000e-001
  3.4000000e-001
  3.8000000e-001
  3.4000000e-001
  3.0000000e-001
  3.0000000e-001
  3.4000000e-001
  3.4000000e-001
  3.0000000e-001
  3.0000000e-001
  3.4000000e-001
  3.8000000e-001
  3.0000000e-001
  3.4000000e-001
  3.0000000e-001
  3.0000000e-001
  3.0000000e-001
  2.6000000e-001
  2.6000000e-001
  2.6000000e-001
  2.6000000e-001
  2.6000000e-001
  3.0000000e-001
  2.6000000e-001
  2.6000000e-001
  2.6000000e-001
  3.0000000e-001
  2.6000000e-001
  1.8000000e-001
  3.0000000e-001
  2.2000000e-001
  2.2000000e-001
  2.2000000e-001
  2.2000000e-001
  2.2000000e-001
  1.8000000e-001
  1.8000000e-001
  1.8000000e-001
  2.2000000e-001
  2.2000000e-001
  2.2000000e-001
  2.6000000e-001
  2.2000000e-001
  1.8000000e-001
  1.8000000e-001
  1.8000000e-001
  2.2000000e-001
  1.8000000e-001
  1.4000000e-001
  1.8000000e-001
  1.4000000e-001
  1.8000000e-001
  1.4000000e-001
  2.2000000e-001
  1.4000000e-001
  1.8000000e-001
  1.4000000e-001
  1.4000000e-001
  1.8000000e-001
  1.4000000e-001
  1.4000000e-001
  1.4000000e-001
  2.2000000e-001
  1.8000000e-001
  1.8000000e-001
  1.8000000e-001
  1.4000000e-001
  1.4000000e-001
  1.4000000e-001
  1.4000000e-001
  1.4000000e-001
  1.4000000e-001
  1.4000000e-001
  1.4000000e-001
  1.4000000e-001
  1.4000000e-001
  1.4000000e-001
  1.4000000e-001
  1.0000000e-001
  1.0000000e-001
  1.4000000e-001
  1.4000000e-001
  1.4000000e-001
  1.4000000e-001
  1.4000000e-001
  1.0000000e-001
  1.4000000e-001
  1.0000000e-001
  1.0000000e-001
  1.4000000e-001
  1.4000000e-001
  2.2000000e-001
  3.8000000e-001
  6.2000000e-001
  9.0000000e-001
  9.0000000e-001
  8.2000000e-001
  8.2000000e-001
  8.2000000e-001
  7.8000000e-001
  7.4000000e-001
  7.4000000e-001
  7.4000000e-001
  6.2000000e-001
  6.2000000e-001
  6.2000000e-001
  6.2000000e-001
  6.2000000e-001
  5.8000000e-001
  5.8000000e-001
  5.8000000e-001
  5.0000000e-001
  5.0000000e-001
  4.6000000e-001
  4.6000000e-001
  4.6000000e-001
  4.2000000e-001
  4.2000000e-001
  4.6000000e-001
  4.2000000e-001
  4.2000000e-001
  3.8000000e-001
  3.8000000e-001
  3.8000000e-001
  3.4000000e-001
  3.4000000e-001
  3.0000000e-001
  3.4000000e-001
  3.4000000e-001
  3.4000000e-001
  2.6000000e-001
  2.6000000e-001
  2.6000000e-001
  2.2000000e-001
  2.6000000e-001
  2.6000000e-001
  2.2000000e-001
  2.2000000e-001
  2.2000000e-001
  1.8000000e-001
  1.8000000e-001
  1.8000000e-001
  1.8000000e-001
  1.4000000e-001
  1.8000000e-001
  1.0000000e-001
  1.4000000e-001
  1.4000000e-001
  1.4000000e-001
  1.4000000e-001
  1.4000000e-001
  1.0000000e-001
  1.0000000e-001
  1.0000000e-001
  6.0000000e-002
  1.0000000e-001
  6.0000000e-002
  6.0000000e-002
  2.0000000e-002
  2.0000000e-002
  6.0000000e-002
  6.0000000e-002
  6.0000000e-002
  2.0000000e-002
  6.0000000e-002
  6.0000000e-002
  6.0000000e-002
 -2.0000000e-002
  2.0000000e-002
 -2.0000000e-002
 -2.0000000e-002
 -2.0000000e-002
 -6.0000000e-002
 -2.0000000e-002
 -6.0000000e-002
 -2.0000000e-002
 -2.0000000e-002
 -2.0000000e-002
 -2.0000000e-002
 -2.0000000e-002
  2.0000000e-002
 -6.0000000e-002
 -2.0000000e-002
 -2.0000000e-002
 -6.0000000e-002
 -2.0000000e-002
 -1.0000000e-001
 -6.0000000e-002
 -1.0000000e-001
 -1.0000000e-001
 -6.0000000e-002
 -6.0000000e-002
 -1.0000000e-001
 -1.4000000e-001
 -1.0000000e-001
 -6.0000000e-002
 -6.0000000e-002
 -1.0000000e-001
 -6.0000000e-002
 -1.0000000e-001
 -1.0000000e-001
 -6.0000000e-002
 -6.0000000e-002
 -1.0000000e-001
 -1.8000000e-001
 -6.0000000e-002
 -1.0000000e-001
 -1.4000000e-001
 -1.0000000e-001
 -1.0000000e-001
 -6.0000000e-002
 -1.0000000e-001
 -1.4000000e-001
 -1.4000000e-001
 -1.0000000e-001
 -1.0000000e-001
 -1.0000000e-001
 -1.0000000e-001
 -1.0000000e-001
 -1.4000000e-001
 -1.0000000e-001
 -1.0000000e-001
 -1.0000000e-001
 -1.0000000e-001
 -1.0000000e-001
 -1.4000000e-001
 -1.0000000e-001
 -1.0000000e-001
 -1.0000000e-001
 -1.4000000e-001
 -1.0000000e-001
 -1.0000000e-001
 -1.0000000e-001
 -6.0000000e-002
 -1.0000000e-001
 -1.4000000e-001
 -1.0000000e-001
 -1.4000000e-001
 -1.4000000e-001
 -1.0000000e-001
 -1.4000000e-001
 -6.0000000e-002
 -1.0000000e-001
 -1.4000000e-001
 -1.0000000e-001
 -1.4000000e-001
 -1.4000000e-001
 -1.4000000e-001
 -1.4000000e-001
 -1.4000000e-001
 -1.0000000e-001
 -1.4000000e-001
 -1.0000000e-001
 -1.0000000e-001
 -1.4000000e-001
 -6.0000000e-002
 -1.4000000e-001
 -1.0000000e-001
 -1.0000000e-001
 -6.0000000e-002
 -6.0000000e-002
 -1.4000000e-001
 -1.0000000e-001
 -1.4000000e-001
 -1.4000000e-001
 -1.0000000e-001
 -1.0000000e-001
 -1.0000000e-001
 -1.0000000e-001
 -1.0000000e-001
 -1.0000000e-001
 -1.0000000e-001
 -1.4000000e-001
 -1.0000000e-001
 -1.0000000e-001
 -6.0000000e-002
 -1.4000000e-001
 -1.0000000e-001
 -6.0000000e-002
 -1.0000000e-001
 -1.0000000e-001
 -1.0000000e-001
 -1.8000000e-001
 -1.4000000e-001
 -1.0000000e-001
 -1.0000000e-001
 -1.4000000e-001
 -1.0000000e-001
 -1.4000000e-001
 -1.4000000e-001
 -1.0000000e-001
 -1.0000000e-001
 -1.4000000e-001
 -1.0000000e-001
 -6.0000000e-002
 -1.0000000e-001
 -1.0000000e-001
 -6.0000000e-002
 -1.0000000e-001
 -1.0000000e-001
 -1.0000000e-001
 -1.4000000e-001
 -1.0000000e-001
 -1.0000000e-001
 -1.0000000e-001
 -1.0000000e-001
 -1.0000000e-001
 -1.8000000e-001
 -1.4000000e-001
 -1.0000000e-001
 -1.8000000e-001
 -1.4000000e-001
 -1.4000000e-001
 -1.0000000e-001
 -1.0000000e-001
 -1.0000000e-001
 -1.0000000e-001
 -6.0000000e-002
 -6.0000000e-002
 -1.4000000e-001
 -1.4000000e-001
 -1.0000000e-001
 -1.4000000e-001
 -6.0000000e-002
 -1.4000000e-001
 -1.0000000e-001
 -1.4000000e-001
 -1.0000000e-001
 -1.0000000e-001
 -1.8000000e-001
 -1.0000000e-001
 -1.0000000e-001
 -1.0000000e-001
 -6.0000000e-002
 -1.0000000e-001
 -1.0000000e-001
 -1.0000000e-001
 -6.0000000e-002
 -1.0000000e-001
 -1.4000000e-001
 -1.0000000e-001
 -6.0000000e-002
 -1.8000000e-001
 -1.0000000e-001
 -1.4000000e-001
 -1.4000000e-001
 -1.4000000e-001
 -1.0000000e-001
 -1.0000000e-001
 -1.0000000e-001
 -1.0000000e-001
 -1.0000000e-001
 -1.0000000e-001
 -1.0000000e-001
 -1.0000000e-001
 -1.0000000e-001
 -1.4000000e-001
 -1.0000000e-001
 -1.0000000e-001
 -1.0000000e-001
 -1.0000000e-001
 -1.0000000e-001
 -1.0000000e-001
 -1.8000000e-001
 -1.0000000e-001
 -1.4000000e-001
 -1.0000000e-001
 -1.0000000e-001
 -1.0000000e-001
 -6.0000000e-002
 -1.0000000e-001
 -1.0000000e-001
 -1.4000000e-001
 -1.0000000e-001
 -6.0000000e-002
 -1.0000000e-001
 -1.8000000e-001
 -6.0000000e-002
 -1.0000000e-001
 -1.0000000e-001
 -1.4000000e-001
 -6.0000000e-002
 -1.4000000e-001
 -1.4000000e-001
 -1.0000000e-001
 -1.4000000e-001
 -1.0000000e-001
 -1.8000000e-001
 -1.4000000e-001
 -1.0000000e-001
 -6.0000000e-002
 -1.0000000e-001
 -6.0000000e-002
 -1.0000000e-001
 -1.4000000e-001
 -2.0000000e-002
 -1.0000000e-001
 -1.0000000e-001
 -1.4000000e-001
 -1.0000000e-001
 -1.0000000e-001
 -6.0000000e-002
 -6.0000000e-002
 -1.4000000e-001
 -1.4000000e-001
 -1.4000000e-001
 -1.0000000e-001
 -1.4000000e-001
 -1.0000000e-001
 -1.0000000e-001
 -1.4000000e-001
 -1.4000000e-001
 -6.0000000e-002
 -1.0000000e-001
 -1.0000000e-001
 -6.0000000e-002
 -1.4000000e-001
 -1.4000000e-001
 -1.0000000e-001
 -1.0000000e-001
 -1.4000000e-001
 -1.0000000e-001
 -1.0000000e-001
 -1.4000000e-001
 -1.0000000e-001
 -1.4000000e-001
 -1.0000000e-001
 -1.0000000e-001
 -1.0000000e-001
 -6.0000000e-002
 -6.0000000e-002
 -1.0000000e-001
 -1.0000000e-001
 -1.4000000e-001
 -1.0000000e-001
 -1.4000000e-001
 -1.0000000e-001
 -1.4000000e-001
 -1.0000000e-001
 -1.0000000e-001
 -1.0000000e-001
 -6.0000000e-002
 -1.0000000e-001
 -1.4000000e-001
 -1.4000000e-001
 -1.4000000e-001
 -1.0000000e-001
 -1.4000000e-001
 -1.0000000e-001
 -1.0000000e-001
 -1.0000000e-001
 -1.4000000e-001
 -1.0000000e-001
 -6.0000000e-002
 -1.0000000e-001
 -1.4000000e-001
 -1.0000000e-001
 -1.0000000e-001
 -1.4000000e-001
 -1.4000000e-001
 -1.0000000e-001
 -1.0000000e-001
 -1.0000000e-001
 -1.0000000e-001
 -1.0000000e-001
 -1.0000000e-001
 -1.0000000e-001
 -1.4000000e-001
 -1.0000000e-001
 -1.0000000e-001
 -1.0000000e-001
 -1.4000000e-001
 -2.0000000e-002
 -6.0000000e-002
 -1.4000000e-001
 -1.4000000e-001
 -1.0000000e-001
 -1.4000000e-001
 -1.0000000e-001
 -1.0000000e-001
 -1.0000000e-001
 -1.0000000e-001
 -1.0000000e-001
 -1.4000000e-001
 -1.8000000e-001
 -6.0000000e-002
 -1.8000000e-001
 -1.0000000e-001
 -1.4000000e-001
 -1.0000000e-001
 -1.0000000e-001
 -6.0000000e-002
 -1.4000000e-001
 -1.4000000e-001
 -1.4000000e-001
 -1.0000000e-001
 -1.0000000e-001
 -6.0000000e-002
 -1.0000000e-001
 -1.0000000e-001
 -1.0000000e-001
 -6.0000000e-002
 -1.4000000e-001
 -1.4000000e-001
 -1.0000000e-001
 -1.0000000e-001
 -1.0000000e-001
